	Abundance: 126	Abundance: 127N	Abundance: 127C	Abundance: 128N	Abundance: 128C	Abundance: 129N	Abundance: 129C	Abundance: 130N	Abundance: 130C	Abundance: 131N	Abundance: 131C	Abundance: 132N	Abundance: 132C	Abundance: 133N
P67809	0.0	1153.3215735809345	0.0	354.22043170057987	0.0	987.3381386713038	1314.5200103561797	899.2055179885518	1062.4509360473999	828.0218041856085	986.6199218636621	1171.3820189821136	828.1497379952259	21666.322990697317
P47914	0.0	0.0	0.0	0.0	0.0	0.0	0.0	0.0	0.0	0.0	0.0	0.0	0.0	0.0
P61978	0.0	576.399298304035	0.0	0.0	0.0	212.8528350545589	226.4546926317687	0.0	276.4875735350821	0.0	388.7936982431206	1026.7688955962863	173.3406239549961	177314.94688587016
P21333	3397.206590900807	7637.8227808180745	0.0	3224.442501365028	2658.4943644928753	2935.975112202457	5090.98591402822	4618.056138587141	2989.198223393678	1528.056074997959	4112.815978619252	10551.487057527518	4288.189317697554	1207735.1799004925
P07737	0.0	74.14765879214383	0.0	110.88244991193415	0.0	764.9360240115914	240.02226402282713	137.42252559678195	1061.423313575836	39.6030337300399	71.41507833539754	3235.123956513379	1564.4628275462687	328265.2727343553
P60709; P68133	3079.6739188277616	350.2077530536138	0.0	0.0	0.0	1686.290905419357	3628.1200913532293	1925.1636663043987	1618.6912321977543	0.0	546.3651652808411	4127.939875673446	1316.1897114111744	2040572.8388421978
P08865	168.76000825815413	183.52408092054407	0.0	0.0	0.0	0.0	11.616486375809245	0.0	59.52373910570759	0.0	0.0	92.24651409509033	0.0	31656.255857480166
P08195	168.10945693561825	406.8768733209123	0.0	0.0	445.02158420725755	552.0921613893771	291.4380923885541	508.0473715144353	219.70164663697506	0.0	19.31956904802263	800.7502478398812	380.2961123307371	194710.90292280892
Q05639; P68104	0.0	3355.448566366503	0.0	0.0	0.0	30.510618355722272	0.0	2322.9320477454194	2425.5586189255623	0.0	0.0	37.083097945112286	99.92558770814821	696417.3451852681
Q96AG4	0.0	0.0	0.0	0.0	0.0	0.0	0.0	0.0	0.0	0.0	0.0	73.01700088079451	0.0	7507.506858074557
O43707	0.0	627.8211187735997	0.0	421.92051454268403	80.68699978256836	774.55520280717	822.589979681035	675.794755852995	622.5772210105046	0.0	221.99626148799098	921.1527799457176	253.28618823761008	299027.9129233873
P35241; P26038; P15311	0.0	0.0	0.0	0.0	0.0	0.0	0.0	0.0	0.0	0.0	0.0	355.16693258180385	131.66907537642692	73336.42188225753
P08238	2806.526322732093	426.5563237469937	0.0	433.0584775811126	244.7385902536671	738.7666024987793	22.880407368303167	2376.15528588545	25.64997444828532	0.0	0.0	1083.3882289293542	512.6462281267745	336298.1787477243
P10809	346.32172247991684	467.84463128776815	0.0	0.0	45.99294952372429	518.4705773541264	502.62566382656416	525.5543962898739	121.0765732993043	0.0	682.4652315958897	1762.9101969068286	433.2205763094953	721979.3754620742
P29401	491.5080185477941	1987.3837838257818	0.0	0.0	0.0	1591.122990406917	748.8903191983517	1223.825561450495	684.6261381774387	96.98279245730191	2153.934369696297	4367.9477466534	2065.360411513214	1143241.7647071984
Q04695	1885.7119897161729	1549.1074599379333	0.0	0.0	464.4436502775809	1973.723733043509	3381.0446805453957	1854.2461190475465	3453.1908174868645	617.2029654363307	1571.8294731613018	11468.160075592215	3253.945002256467	2307023.516950436
P62888	0.0	0.0	0.0	0.0	0.0	0.0	0.0	0.0	0.0	0.0	0.0	0.0	0.0	14904.917128209396
P0DMV9	717.5287807309264	161.8582883369886	0.0	0.0	0.0	36.25484753231126	40.919953606583476	1177.6554069820043	606.6698291581297	0.0	202.19534300076702	1983.6498022862756	1307.5154555977576	118225.16340382394
Q3SX28; P09493; P07951	0.0	0.0	0.0	0.0	0.0	0.0	0.0	0.0	0.0	0.0	0.0	0.0	0.0	8428.785861018896
P08670	431.7923464402943	824.3893815166016	0.0	9.875498297828926	0.0	786.9359159171227	751.5673352702113	510.9666864454241	703.1422067397998	158.99982871651332	389.6958767216986	2494.508283273551	1416.143069618517	1074010.1077601588
P18669	0.0	138.08713614888302	0.0	0.0	0.0	35.82172532807408	0.0	85.93065026629392	0.0	0.0	70.40307789753479	313.5887180543499	190.50180600419708	36442.95663553412
P53396	0.0	0.0	0.0	0.0	0.0	266.1615557681025	159.59422265488774	138.64408423167652	0.0	0.0	0.0	755.7862299480903	398.2633774214614	121154.35328472088
P11142	127.10898971562665	165.3859419591181	0.0	0.0	0.0	69.34033559790737	65.72671685775708	925.0883324149022	1581.3812674836563	0.0	190.7111027300043	3967.0633816006784	805.9295078598409	325983.8139247849
P31689	0.0	28.27466014084962	0.0	0.0	0.0	39.937442396428196	55.964622176303465	121.36991016362208	84.01009677860156	0.0	0.0	457.6457141296896	283.5959743456233	70248.30413613206
P51858	0.0	0.0	0.0	0.0	0.0	16.31634048934734	0.0	0.0	0.0	0.0	0.0	98.35220402279674	0.0	12230.22925849621
P61247	7443.322459303994	47.43502361353558	0.0	0.0	0.0	208.4257981202045	0.0	50.3608382981638	207.66323072339492	0.0	0.0	87.8408424681711	0.0	132592.60764949908
P07195	306.5753778416142	1802.2184898211242	0.0	217.7439292846011	53.361526716280196	64.86790244169197	443.62733777579683	916.0294269978715	874.4635392683463	0.0	27.577335720400924	2784.4258756258937	978.9245441960998	341660.9766420385
P60660	979.1988474122059	489.77023557039	0.0	0.0	69.91856171822837	115.13069553497803	474.3167318490705	395.0387005853945	110.48394136863817	0.0	84.48420101763213	592.6479201900972	0.0	131607.60487569595
O14818	0.0	0.0	0.0	0.0	0.0	10.31349406190543	0.0	0.0	0.0	0.0	0.0	16.41229995747699	18.458946199582897	12972.837646114203
P06733	0.0	6712.85611145128	0.0	1860.264093121642	0.0	3115.8593148923524	3361.9997123441117	1721.216066266602	452.94840928107817	0.0	708.1964529268143	7198.263315428142	1945.5252578104864	1581786.112439806
P31946; Q04917; P61981; P27348	0.0	0.0	0.0	0.0	0.0	0.0	0.0	0.0	0.0	0.0	0.0	0.0	0.0	68492.49460588807
P07237	759.9465991736911	690.0517931087234	0.0	0.0	0.0	253.34758462008415	987.9076515557342	85.36248115615922	71.88524239652173	0.0	76.7202984958817	731.6016717519394	70.83097870787265	428826.1692619104
P09211	0.0	1643.9612976934172	0.0	1746.1461663709879	1495.5544346028082	1272.7287554334644	1390.3439187783933	1865.4787207173276	1257.6913775262615	965.3854381359042	1152.252944028126	3562.9713013296487	1580.13415492278	137094.6732091456
P24534	0.0	315.55373836119384	0.0	0.0	0.0	0.0	0.0	0.0	0.0	0.0	0.0	0.0	0.0	11680.393385736774
P49411	77.26428696970584	0.0	0.0	0.0	0.0	75.86003041740423	0.0	0.0	21.48943765958029	0.0	25.369982316455435	217.29782412045097	8.349580023523913	46514.72783824251
P06748	0.0	15.474276772918074	0.0	0.0	0.0	157.1867249463162	1538.3444781609433	575.2080228631303	329.20989690453916	133.3527270882987	33.271682035649064	909.7648200612553	108.8582024155694	574689.2207318007
P05141	0.0	0.0	0.0	0.0	0.0	0.0	0.0	0.0	0.0	0.0	0.0	41.9298803914611	0.0	8297.221088907103
P14618	854.1837923635658	1684.8735894033719	0.0	0.0	18.675442545113583	1661.0254752861276	657.4544723462725	576.4414389527667	873.8683782390697	9.605565240353144	164.17950434225804	2982.7940500935038	1260.3753911242104	913747.3002195262
P15880	0.0	608.9195014861136	0.0	0.0	0.0	368.71855961254823	0.0	318.72307465231734	0.0	0.0	0.0	781.2337268377232	0.0	154082.40308801277
P62917	0.0	0.0	0.0	0.0	0.0	0.0	0.0	0.0	0.0	0.0	0.0	0.0	0.0	34916.058455127306
P62263	0.0	334.31313205772585	0.0	0.0	0.0	49.822511840983225	0.0	135.11693488870787	90.58298844899127	0.0	0.0	240.06522426644278	0.0	50040.00984018989
P60842; Q14240	0.0	0.0	0.0	0.0	0.0	0.0	0.0	0.0	0.0	0.0	0.0	0.0	0.0	16686.266412049816
Q15366; Q15365	0.0	0.0	0.0	0.0	0.0	62.586321061191484	0.0	0.0	0.0	0.0	0.0	0.0	0.0	40938.68931075608
O95197	0.0	132.55834105534814	0.0	0.0	0.0	0.0	0.0	0.0	0.0	0.0	0.0	0.0	0.0	14269.217029828931
Q13765	0.0	639.9598882760638	0.0	0.0	37.54614649190307	171.00697556624527	273.69320098618823	230.18708500704406	628.7383487136626	0.0	0.0	886.3077286566167	502.6040215410567	19015.944449573726
P84098	0.0	2.2461096896686286	0.0	0.0	0.0	0.0	0.0	47.85894833840348	133.3462444781876	0.0	0.0	88.11826358881444	0.0	13306.931010860408
Q9NRX4	0.0	0.0	0.0	0.0	0.0	38.24302048951688	0.0	0.0	0.0	0.0	0.0	20.799506891686917	0.0	4694.545408965872
P14866	0.0	123.52849528401248	0.0	0.0	0.0	0.0	0.0	0.0	0.0	0.0	0.0	112.11002817474059	23.67330469320882	25004.8932733962
P18124	0.0	0.0	0.0	0.0	0.0	0.0	0.0	0.0	0.0	0.0	0.0	324.87181688381725	0.0	121300.77191228468
P40925	0.0	33.91441424880645	0.0	0.0	28.753330404361122	33.60754708970353	54.447359613509434	133.8590642465515	109.06873107335173	0.0	68.98936531662048	332.2950333348633	104.27951072537348	47708.13323631498
P83731	0.0	0.0	0.0	0.0	0.0	0.0	0.0	0.0	0.0	0.0	0.0	8.52348135405964	0.0	4198.386527621787
P07900	958.1106793449426	1124.1351769204844	0.0	237.4300266273026	407.45522049133706	150.56214300237843	1331.4593947606886	741.5210711685309	586.6354527249787	159.91101868660462	53.531332474341525	2540.6090710557837	1247.8669925748277	307553.7002364435
P12236; P05141; P12235	0.0	157.56261305660155	0.0	0.0	0.0	0.0	0.0	295.11990634011727	154.80985296851486	0.0	0.0	279.62774104455275	321.9228147911481	116285.013732904
P10599	0.0	1360.5720065927376	0.0	227.51552241715217	0.0	137.02724280532516	80.92633007284792	60.39455744498184	88.01269910610722	0.0	139.74261272431465	683.145308969264	19.607494652245805	64169.32099502673
P21796	0.0	10.411478312863096	0.0	0.0	0.0	0.0	0.0	0.0	6.398859277225256	0.0	0.0	67.6162589412586	26.283276012025112	83514.8147700087
P58107; Q15149	0.0	310.98659510514585	0.0	186.24087064596438	83.32461922730727	345.25258732405837	293.23978904581736	251.55462419784112	587.1902625537832	68.03292509643939	416.6000564077517	512.693912953356	252.16407072642914	53298.333063162274
P08758	0.0	539.169291512193	0.0	460.65648378889364	0.0	510.9191291412444	892.2218606301813	1938.6678996040418	716.8383283530675	280.5023849615518	941.5515976420947	2416.0332051731643	979.7518027322285	150197.26069421525
P35580; P35579	1357.489923989714	626.122502617704	0.0	307.00134337957206	53.18567928343282	1106.587585087494	1489.3061693914988	1249.1027410585752	950.496469356432	351.5917498591057	792.1614860298782	2700.6303668301975	1275.5545433228397	181547.02615200926
P04406	6.809654156707893	957.383311643488	0.0	0.0	0.0	1208.1540780403575	1259.4765501381844	2320.1843333689458	3532.7260733189887	0.0	978.635226985698	5192.5614833916725	2243.616599050866	1222512.706065233
Q15366	0.0	8.94368147884461	0.0	0.0	0.0	22.999122977513935	356.46295703967326	191.6725510231613	87.94687984712937	0.0	334.33201662191095	505.63313178654244	79.69260379228172	47180.71265627636
P12956	153.6096851151824	396.7064319144554	0.0	333.3935449865621	0.0	108.25621053312943	57.06953845142016	4.93388016255949	149.25250420516363	0.0	690.9236305916902	1108.2437192904956	188.53609184500692	114025.65857888374
P07355	5473.918051062545	1645.084425190851	0.0	202.38693561187063	1787.111661138048	3092.663723844947	4273.8597992317855	3090.8116131117504	1663.6875349239049	120.71144942491446	1943.6733121463433	3537.809318068223	5127.66050484028	1721390.427518715
P52292	0.0	56.91652587859471	0.0	0.0	0.0	0.0	0.0	0.0	0.0	0.0	0.0	0.0	0.0	2670.047170207735
Q9HAV0; P62873; P62879	0.0	381.4764906591081	0.0	0.0	0.0	169.92745547529148	631.4369153839707	0.0	0.0	156.73329583308941	508.2873957721504	416.07181877178937	304.62684624882604	17205.03069341481
P08729; P08729	46.77221447710781	140.88328597202462	0.0	0.0	0.0	252.57659343608248	404.61958435883844	290.026093720325	50.651892992833154	0.0	0.0	1199.6160499354787	356.7019013572922	666785.8605549408
P08708	0.0	0.0	0.0	0.0	0.0	0.0	0.0	122.17064839320574	0.0	0.0	0.0	0.0	110.73926755780121	53613.550957375286
P62424	0.0	58.395620908249725	0.0	0.0	0.0	17.024283262465133	0.0	301.16040052174344	299.27786886266074	0.0	0.0	230.78409471498162	264.99271054642463	126805.5258798804
P00338	0.0	90.32621553230229	0.0	0.0	0.0	116.41699437761349	155.93494169228336	121.67427202630631	54.19791300474583	26.434600496080407	122.16951208037995	977.3885221754213	252.55638390506704	389466.14074415795
Q00610	1272.8606318813813	343.2462520992758	0.0	125.45196213404029	56.498714402067435	177.91868565100003	317.32642668240123	274.0029514498649	223.69893296411055	46.309133012046914	619.3234454984963	652.0746038995132	238.54534241172632	63786.225461437614
Q09028	0.0	90.9088451060411	0.0	0.0	0.0	0.0	0.0	0.0	0.0	0.0	0.0	0.0	38.512756725277995	11479.401412198979
P40429	0.0	47.90238424276845	0.0	0.0	0.0	0.0	0.0	7.354502913232409	0.0	0.0	0.0	28.31182310560689	16.39396785780673	53518.01231273457
Q00325	0.0	0.0	0.0	0.0	0.0	0.0	0.0	60.70221628711158	38.586447935699994	48.624473762821594	11.732989577220565	208.24074978428519	40.27173487021821	4720.711181796065
P05198	0.0	0.0	0.0	0.0	0.0	0.0	0.0	0.0	0.0	0.0	0.0	0.0	0.0	9121.096356189402
P35998	0.0	0.0	0.0	0.0	0.0	0.0	4.785457439322727	0.0	0.0	0.0	0.0	0.0	0.0	2628.2067795715634
P26038	0.0	1857.8800197914948	0.0	1610.0382915203859	0.0	1484.0512138636282	1568.9215622772676	2321.9194157774928	2124.3563858130387	1245.2382174215495	2242.6893341458526	3034.6361337310245	1242.6405012425173	211494.89642371488
Q15149	263.7330043894958	1332.9900054987522	0.0	1058.455576778282	351.56125247424575	1314.7481776115824	2589.1164282911695	2023.188215747459	1442.09312058662	1611.2588487717614	2750.095372279515	3224.9585931086867	2714.5968088572113	129310.81233553229
Q86V81	0.0	0.0	0.0	0.0	0.0	0.0	9.41778721338278	0.0	0.0	0.0	101.2551983518365	251.37081036353675	88.49732001837242	12037.206316280884
Q96AE4	30.084704158240925	109.72474047683556	0.0	0.0	0.0	0.0	0.0	0.0	62.34342847423113	0.0	16.33411417515174	0.0	22.68077876779853	11911.378416472571
P11142; P11021; P0DMV9	0.0	0.0	0.0	0.0	241.0806327774435	0.0	141.24947174172394	815.0163284726259	44.70240411746636	0.0	60.52873558203828	180.22946096475926	194.89438234992758	216551.6966926359
P25788	0.0	0.0	0.0	0.0	20.89341078370103	0.0	0.0	0.0	0.0	0.0	0.0	0.0	12.374666895284463	3868.8382784719506
P23396	452.39737955483065	351.7620590293743	0.0	0.0	0.0	263.4228057554367	462.8791905380199	430.4255069289202	212.76066006689166	131.77131863237787	151.75806597660744	598.2675363271912	458.10372403506267	148733.74198584
P19338	0.0	1224.2918217982644	0.0	0.0	0.0	942.8866597196759	1652.430973517252	1369.107877344055	962.1190048744293	863.8382522917591	640.1784313046892	2355.8815367945876	1136.7102282477479	376079.05138006696
P35579	821.0008182427503	2876.797114486796	0.0	917.4251150649076	59.74745020452008	1264.708114582047	691.1146407086248	1779.4070382341201	928.3964135177494	213.00808513018657	190.27444639932637	2634.4310434673694	854.0125529306953	614678.7844202509
P16402; P10412; P16403	234.0692396681061	417.1953571781894	0.0	0.0	4.387062206782957	1192.7656295290292	1203.7826823246521	188.60523362977347	98.04255137663245	0.0	73.90884465675663	1932.9090776634982	73.53408352340239	469945.3837108992
P13987	283.8606362398714	0.0	0.0	0.0	0.0	274.9368792167652	277.84822873107623	39.44520009037751	46.163384731775295	42.95962225239691	0.0	553.0479898709782	0.0	18030.337764992524
Q08211	0.0	91.91560742151364	0.0	148.93037635361952	65.28110279571388	21.361906518620117	215.45740132053288	67.50544150753876	223.854958747389	13.14210483986767	88.94351540249932	247.41755184915917	76.2620088754245	12534.738146413445
P07900; P08238	0.0	1093.5993437675443	0.0	0.0	0.0	1042.950163757132	780.4454932270738	630.0545751193376	219.02397647712496	14.779854978086746	246.71511627919244	1304.6659443884269	393.98343644579654	621733.4668200305
P49207	0.0	0.0	0.0	0.0	0.0	0.0	0.0	81.63662613190036	91.4002518013508	0.0	0.0	173.90287091994855	0.0	48334.14665700837
P00441	378.64939135673603	58.917766153446564	0.0	0.0	0.0	119.81825743113723	249.8570402581247	0.0	0.0	0.0	12.133755089642818	120.92837568742857	18.964372602031744	13827.606579271385
P49257	0.0	0.0	0.0	0.0	0.0	0.0	0.0	0.0	0.0	0.0	0.0	0.0	0.0	0.0
Q53EL6	0.0	0.0	0.0	0.0	0.0	0.0	0.0	0.0	0.0	0.0	0.0	0.0	0.0	4320.192328206613
Q09666	0.0	388.1990581548679	0.0	0.0	0.0	303.64896722887056	671.3252185021888	191.840953525724	187.096484119892	120.4158006643056	60.11996749924765	862.3428071395301	864.6000604754254	254715.89653417573
P63244	0.0	516.1650796783443	0.0	0.0	119.83533530294176	77.4199585809913	60.780587187134415	277.48535217389804	331.6816264675582	16.375007337054967	207.86343074004117	792.0035985774011	229.907036933482	145717.05615465157
P62280	0.0	93.92055978049405	0.0	0.0	0.0	0.0	23.57834536876021	239.4793900933647	40.88611440076579	0.0	0.0	119.69867433896593	38.71056792455704	55932.01276498454
P62269	0.0	72.69870573066692	0.0	0.0	0.0	0.0	0.0	154.2660707278592	0.0	0.0	75.2525366945165	119.38567252223038	0.0	42247.28705052949
Q9Y266	0.0	0.0	0.0	0.0	0.0	163.69738899493495	0.0	0.0	21.1151038203011	0.0	0.0	160.8311568238255	0.0	30061.53631364599
P50454	10.840239882468722	75.68379360046288	0.0	78.41338737851379	108.26183419905328	279.5397900258831	43.59718069251812	366.1152643014982	285.4711081692342	0.0	0.0	624.7427867256956	129.6808780922713	34052.078207097285
Q7KZF4	0.0	615.6374117864502	0.0	0.0	0.0	112.0357535672847	300.1707533115974	144.62395965097267	19.931947185011268	118.45042834779679	25.960642207151636	348.9016420415446	44.77688385322472	25024.784080979578
P12814	0.0	196.88198620200967	0.0	2.728202582451104	0.0	400.61148654408953	58.184344711410745	214.09783306850363	172.94882855791593	0.0	73.06771281581587	573.9274682353765	322.99083415435143	34801.10145655821
P16402; P10412; P16403; Q02539	0.0	104.20708956252702	0.0	216.1633339834707	184.82596948456649	189.32910543013713	319.74188524626516	8.511127219771424	386.3176513624885	0.0	61.91232215858554	1351.7028157730924	140.3956214682621	182457.5933794995
P62899	0.0	0.0	0.0	0.0	0.0	0.0	0.0	0.0	0.0	0.0	0.0	0.0	0.0	0.0
P07195; P00338	0.0	0.0	0.0	0.0	0.0	0.0	0.0	0.0	0.0	0.0	0.0	0.0	0.0	94605.2789657612
Q9Y490	780.6115818256355	176.13356620009506	0.0	48.00318554899309	123.57060813048247	154.32843446745892	245.8615219489816	288.3374563836601	333.64961200182256	0.0	244.7444170224544	510.7242103386002	301.33686719486195	39768.266103684706
P04083	0.0	73.45861354239366	0.0	6.664133623520172	0.0	40.16224964418234	32.02933932607357	25.09400095124903	51.08531970044828	0.0	45.23137200658266	483.32343323951505	0.0	98958.1904986814
P30101	56.54344399062052	70.34515891082856	0.0	0.0	0.0	16.001388260188037	0.0	108.87753207486094	0.0	0.0	99.48291194555463	656.5971584945065	37.58606253638436	103501.90175835745
P16070	139.7704043049041	0.0	0.0	0.0	0.0	31.869284024857734	43.60010552045537	83.47736579398293	0.0	0.0	0.0	177.74252716612978	10.744088589252897	21445.972283319505
P61026	0.0	758.4108393253939	0.0	550.6899057816299	0.0	394.2033591768411	300.8026422326134	523.9009341380779	435.2049833778649	493.67704588868173	811.0349319310294	806.7292157130596	543.1454382299187	5766.071271002076
P04792	0.0	4264.335144804564	0.0	1825.0209033885471	0.0	2574.3943854832783	3189.966062905279	3291.991814869606	3592.3269009542773	2632.0420305667744	3600.88000473045	4854.662115105974	2812.8270510468533	260870.13680336784
P62258	175.74895015126276	588.1360156447597	0.0	185.46742620310033	178.9159671411221	50.35372335068723	258.4837151542142	953.7401163155953	52.080321893992505	116.37441531307195	225.3809639606402	837.2791660289106	325.00071042429227	211547.9650830058
P05556	0.0	47.991154962129826	0.0	7.65762782997092	0.0	26.958852881193934	80.98648204630501	0.0	0.0	0.0	0.0	30.52057901339549	69.11829648381024	23699.266080127516
Q15582	110.5737717315651	0.0	0.0	0.0	0.0	227.58340668520077	231.49242505232155	182.69335452067094	0.0	173.29245156060733	188.19519104455435	483.5696754902376	280.4248204859982	15136.359637959826
P31947	200.46323808711202	163.9699924071092	0.0	0.0	0.0	133.66201254955126	4.705774817630299	512.9669014516692	75.29637139421288	11.119118338293333	0.0	319.3356419984059	181.11250985605534	56942.728946096475
Q13813	0.0	58.90899487523825	0.0	0.0	0.0	0.0	11.024184902446734	42.59887945584046	0.0	0.0	62.697402796759434	165.93067360858805	217.74524948589078	34811.024374007786
P31327	6908.00993290641	855.1005778794046	0.0	670.6416030895693	764.1031576762327	628.7728858659299	708.5625628249784	571.9030685325058	829.1458442534666	304.3653210453647	939.069876344863	1693.3390237639082	761.9632443410746	118508.66190867467
Q15365	0.0	13.35753124561711	0.0	0.0	0.0	0.0	156.8355513073859	131.94648437694377	320.89877929970135	8.462344365416811	92.88845703194238	127.8614082333396	25.721750415383667	32895.59371686692
P25705	0.0	68.33010734537334	0.0	0.0	0.0	0.4432092886800092	0.0	0.0	0.0	0.0	12.920445984999105	388.85836350289503	3.8025927897328984	72036.49860127814
P61981	0.0	1432.3168250553063	0.0	757.9958659107797	112.91079791503262	1009.2804701055011	843.7796208356303	888.7766813099488	1363.419171578299	1177.425173326841	1079.2919216837217	1697.8001584423646	922.8066240623048	9294.570039828208
P37802	0.0	715.8348255242885	0.0	0.0	38.8800245008656	361.2913952578756	17.014028012840754	0.0	273.62184192330005	70.92694531521602	647.8460027523311	2496.464323330635	882.6278842915845	304550.6278022443
P25398	0.0	0.0	0.0	0.0	0.0	0.0	0.0	0.0	0.0	0.0	0.0	0.0	0.0	83732.17255957291
P25786	0.0	109.03572375122303	0.0	0.0	37.57725394922659	172.3080452893969	101.28491470355675	50.20290093170502	0.0	20.115303321567808	110.52511351309704	110.9650868037536	0.0	11378.869912727529
P60866	0.0	0.0	0.0	0.0	0.0	0.0	0.0	0.0	0.0	0.0	0.0	0.0	0.0	20229.44759443809
P08133	0.0	150.7988202716473	0.0	0.0	0.0	88.61541444639124	56.46122824586803	91.16501512290824	19.16523936108922	0.0	18.830991944993002	277.26974858749884	100.49348705410557	18823.1320751991
P26599	0.0	6.613866354165111	0.0	0.0	0.0	0.0	0.0	0.0	0.0	0.0	0.0	65.0254340384987	0.0	33676.95332797268
P07437; P68371	0.0	0.0	0.0	0.0	172.63431921890515	456.13642455145964	285.57930348941454	1324.5812946182161	385.30421610772123	0.0	0.0	631.2954270878308	2067.1049040619564	264021.92470792757
P27797	0.0	0.0	0.0	0.0	0.0	0.0	0.0	18.19219012860026	0.0	0.0	0.0	221.11711165772158	0.0	199198.8837640386
P22626	0.0	0.0	0.0	0.0	0.0	235.28086167650508	0.0	1461.124554089627	922.5706199677671	0.0	126.50830946247277	249.90049892272486	1471.6645016326195	397663.09298688226
P23528	0.0	346.8188887325473	0.0	0.0	0.0	53.396840790936494	194.41877642592635	18.3019273221189	0.0	0.0	132.07437496157854	221.68043396179246	0.0	173693.8870266667
P09651	4.063257856460723	81.98845104113116	0.0	0.0	0.0	0.0	0.0	0.0	0.0	0.0	0.0	40.1356227183046	0.0	19088.906682433302
P05783	1265.4367416302248	1878.4957475747497	0.0	97.9704474598891	1570.1778774028783	1574.8635388205116	1443.8324958052958	1272.4044910267246	1019.6212217305836	113.50035041149317	1894.3875852649812	3954.397973387794	2849.4031060831094	621179.3353793849
P08729	0.0	68.46020875116096	0.0	0.0	0.0	88.89579258567596	0.0	0.0	50.66837904943395	0.0	0.0	268.62156376679445	84.48175036439898	41594.85846018065
O00483	0.0	0.0	0.0	0.0	0.0	0.0	0.0	0.0	0.0	0.0	0.0	86.45737939378864	0.0	20708.151566557943
P18206	0.0	896.2035500853881	0.0	152.45084437055334	74.75697753913926	240.3255455969902	359.68511383177565	567.9482944836491	308.31139466378727	0.0	86.76050748138971	569.1158816328758	73.27684616692	89490.04707255201
P12429	148.18177332275786	0.0	0.0	0.0	0.0	0.0	0.0	0.0	0.0	0.0	0.0	0.0	0.0	19054.92979808669
P31943; P52597; P55795	0.0	0.0	0.0	0.0	0.0	0.0	0.0	0.0	0.0	0.0	0.0	0.0	93.300363725431	14625.456312590597
P06576	0.0	297.8705169652335	0.0	115.01729213091494	443.52305280518976	350.70894046079	462.47119355249924	602.1196550835557	376.2350255043775	39.95523943314049	464.21683178465946	468.5104297956673	434.080038802599	83273.49759599328
P05787	2728.0971837062125	1931.4766301966315	0.0	512.8163769512637	1843.1146040792046	3202.49244024554	1780.4105597655644	2352.9944877161824	1821.3382435775786	397.2937188280175	1118.3304732015695	8508.2441372906	2020.972842831495	1360391.8763545486
P31946; P61981	0.0	0.0	0.0	0.0	0.0	0.0	0.0	0.0	0.0	0.0	0.0	78.41071082806002	0.0	34362.50743219531
P15531; P22392	0.0	1205.9080209834183	0.0	0.0	0.0	1527.1112796556959	144.63029990790437	250.524585647413	1279.6255227933138	0.0	0.0	1415.3527459294746	340.5353323343943	409932.1273531301
P55884	0.0	0.0	0.0	0.0	0.0	79.56562101493228	0.0	53.89761447715637	0.0	0.0	0.0	80.1525079867331	0.0	6927.9096330635475
P28072	0.0	0.0	0.0	0.0	0.0	0.0	53.68947446094671	136.91108505477905	68.98819455457306	0.0	16.296075912427114	340.01064246990927	0.0	15765.58992032147
P42771	0.0	0.0	0.0	0.0	93.52519625210812	135.24618628520875	0.0	0.0	0.0	82.7385391905575	0.0	11.592232726791053	168.60961584668826	1408.241462782759
P02545	0.0	271.8955088130256	0.0	225.4188635638584	0.0	815.1232841861156	452.3836207308224	225.41637268846193	211.12589126128205	0.0	370.410745632269	1153.280520687927	179.43599033363785	354588.99137397704
P11021	0.0	170.71778529706035	0.0	0.0	510.4532757251013	1017.1728157448752	346.2469656830576	327.67955083297284	666.8524479307594	694.9382101352303	2119.893349984	1774.2297651461345	789.2246676934783	243571.45214423435
P47756	0.0	0.4387076794771474	0.0	0.0	0.0	0.0	52.24051848586919	0.0	106.1497072852685	0.0	0.0	235.16831378266636	20.473246475164842	40083.89580599377
P15559	0.0	15.645526708174657	0.0	195.1445200309795	151.51859748643255	151.85708547813465	330.6060814173329	457.91061717848834	369.5657173635127	0.0	113.07067343399854	1422.1533998882187	159.03141649597217	44037.11880165136
Q9Y4G6; Q9Y490	0.0	0.0	0.0	0.0	0.0	0.0	28.753385564272094	0.0	40.53020175699953	0.0	2.2745560778498657	212.29085045904526	4.289619282240665	22689.844626990034
P12814; O43707	93.19320061981432	378.39748602560564	0.0	86.90715366989366	0.0	81.7680351124485	0.0	81.38336211616843	0.0	0.0	34.99185229547015	69.28629931805187	53.119504635769204	28080.587447810365
P06753	496.85619010309165	0.0	0.0	0.0	0.0	0.0	0.0	0.0	0.0	0.0	0.0	26.31655244403146	18.933809787959945	53155.373824515256
Q16658	0.0	23.884199977744174	0.0	0.0	0.0	63.98372249237218	79.45623864039908	0.0	5.140177076777263	0.0	51.52728845618094	551.1495396543571	0.0	69558.75877650952
P54136	533.2706237318228	0.0	0.0	0.0	53.16249909800172	95.95884323920723	105.79614552290491	37.73181405553419	97.39129248550603	0.0	6.696296510664752	246.10241294603452	4.030936171440771	6191.173524714272
Q9UBI6	0.0	22.159020753823256	0.0	0.0	0.0	43.193870275561835	67.06900971002631	45.68274664594139	0.0	0.0	0.0	222.33701552743628	0.0	7170.577494297598
P31943	304.6228613558469	224.24693655487852	0.0	0.0	0.0	0.0	0.0	0.0	0.0	0.0	0.0	19.150947512656785	0.0	8491.758562124292
Q01518	0.0	0.0	0.0	0.0	0.0	0.0	0.0	0.0	0.0	0.0	0.0	0.0	0.0	22937.687390464525
P35232	0.0	1.0351034673947197	0.0	0.0	0.0	0.0	0.0	0.0	0.0	0.0	0.0	20.80988201644209	0.0	7020.4199912507365
P55809	5814.408022347272	917.8287462195769	0.0	341.654890650144	264.2852877821048	292.7329715261652	550.0144728412932	479.8998158018817	610.311246657194	161.91215693541278	664.3135202430963	771.2667149172254	394.0692425530835	52051.94212696752
P50990	0.0	0.0	0.0	0.0	0.0	47.72798880369578	11.756934191177152	0.0	48.46231457279919	0.0	32.32068289105541	970.1342024005814	101.72645445369994	65280.372752760966
Q05682	0.0	36.35412125100834	0.0	0.0	0.0	16.428405430657676	178.40725968092147	0.0	0.0	170.50394763567556	0.0	0.0	0.0	30338.371812255464
Q92841; P17844	261.76582969632	54.56389068044655	0.0	0.0	0.0	0.0	0.0	1.0650690456660072	62.14874420338367	0.0	0.0	24.90366793285216	0.0	3581.5793403565303
P39023	1089.447135357521	151.7370653658868	0.0	0.0	0.0	0.0	0.0	610.3082511879938	226.319001354766	0.0	0.0	146.61509423998132	0.0	164864.31549373106
P62701	134.50986863517323	273.23124833801864	0.0	0.0	0.0	0.0	25.963280878280443	37.05606435994014	184.66138891832384	0.0	0.0	29.47917870971935	107.44856671941977	55297.1217894262
P29692; P24534	0.0	22.941504554277117	0.0	0.0	0.0	47.892099839254115	0.0	131.57381072090152	96.54364894616083	0.0	0.0	268.7852786871258	197.78418783678262	16125.627739797701
Q07020	0.0	0.0	0.0	0.0	0.0	0.0	0.0	0.0	0.0	0.0	0.0	288.3342181268804	82.55969191655277	26348.379702239836
P60842	0.0	0.0	0.0	0.0	468.4449678322144	0.0	155.44411581304212	0.0	239.02015188431142	0.0	0.0	43.37250110501418	0.0	72057.18080629018
P35637	563.385617580411	0.0	0.0	0.0	0.0	70.27939947933169	0.0	0.0	0.0	0.0	0.0	74.77054102578859	41.91665727183363	26187.610746704497
P14174	0.0	0.0	0.0	68.42947012169248	0.0	297.69330880180223	115.59567027782532	0.1467235406614691	199.23706465845999	0.0	114.6159258041489	471.36778538109706	16.475280962673878	27765.036840584657
P16401	0.0	0.0	0.0	0.0	0.0	0.0	23.125197607206132	1.3213608378321169	20.06663561160417	0.0	0.0	456.5128915118162	9.93490101992279	72595.56509676033
P04075	471.48531151151747	77.91429663068539	0.0	0.0	0.0	0.0	315.103921262486	33.12696574618326	0.22018367372879766	0.0	22.82746363543947	449.99961520545844	457.86056893423483	492653.0272768
Q13501	0.0	0.0	0.0	0.0	0.0	0.0	0.0	0.0	0.0	0.0	0.0	0.0	0.0	0.0
P63104	0.0	0.0	0.0	0.0	0.0	6.184126718173047	0.0	0.0	0.0	0.0	0.0	0.0	0.0	152722.3197745076
P61604	0.0	96.90267626630373	0.0	0.0	0.0	34.95647430964391	0.0	18.2925333545719	371.36073677049774	0.0	0.0	447.50582400322264	121.35623549270417	248644.95410933843
Q12931	530.1959216642406	115.84490079982606	0.0	64.74008872191962	122.80769847894499	429.04165108076313	0.0	245.18741113266492	111.60953184639266	0.0	360.87109160121486	735.4544669947893	132.58977025726585	32591.845884907216
O95816	0.0	0.0	0.0	0.0	0.0	0.0	0.0	0.0	0.0	0.0	0.0	0.0	0.0	9182.570719691272
P50991	1996.1365288921243	1257.9226058063427	0.0	735.4975875963687	0.0	761.0276534553936	401.49450914513955	494.7341626403927	903.1009492627386	707.3572755760538	1416.341740136057	2258.019921961559	603.835997757646	57909.358635246695
P62314	0.0	32.91601503057791	0.0	0.0	151.7131631735365	0.0	100.53601092495182	193.05912073653053	0.0	0.0	0.0	0.0	236.5264106496811	4027.55491501701
Q16576	0.0	0.0	0.0	0.0	0.0	0.0	0.0	0.0	0.0	0.0	0.0	0.0	0.0	5738.871098938653
P30048	0.0	0.0	0.0	0.0	0.0	0.0	0.0	56.580238029821885	0.0	0.0	78.30743655443598	103.663744857339	49.79874661848885	10684.500542927592
O75347	0.0	0.0	0.0	0.0	0.0	0.0	0.0	0.0	0.0	0.0	0.0	0.0	0.0	13558.119027281
P17812	788.6624324805632	0.0	0.0	0.0	0.0	39.45827025450194	0.0	0.0	92.56944623978166	2.6650419831782983	0.0	0.0	0.0	8371.705225752517
Q71UI9	0.0	73.65951290803105	0.0	0.0	0.0	18.87775315774161	303.16929092976716	0.0	12.324355304127494	0.0	0.0	0.0	0.0	27665.56453274824
P11940	0.0	0.0	0.0	0.0	0.0	0.0	22.609963579544	247.67559299933282	36.831495936196006	0.0	0.0	353.2222997653482	0.0	33900.94978162567
Q71U36; Q9BQE3; P68366	0.0	1586.3408769944322	0.0	0.0	0.0	761.3761494818646	0.0	1001.9467815810492	660.7565122329097	0.0	486.88181518573583	2182.7922418726644	1052.085952385534	1023344.7443979358
Q9Y3U8	0.0	0.0	0.0	0.0	0.0	0.0	0.0	0.0	0.0	0.0	0.0	0.0	0.0	0.0
P67775	37.001664620210704	90.62872297445779	0.0	36.91360442709902	95.3408148394426	114.9677410792915	104.77210401753518	141.11482113785996	80.17307439644424	21.600672981662	103.91618320146995	195.7817205733204	105.73829626307133	17149.56786274089
P17844	12.716343166863112	238.20813641468067	0.0	0.0	79.15977716713678	49.09998596793389	92.85143515407594	29.029475576897767	129.94520026381792	0.0	4.157699738905535	137.99370676449053	106.58153193296141	19159.7603245937
P49736	0.0	0.0	0.0	0.0	0.0	0.0	0.0	0.0	0.0	0.0	0.0	0.0	0.0	4116.402833428881
Q02543	0.0	0.0	0.0	0.0	0.0	0.0	0.0	0.0	0.0	0.0	0.0	0.0	0.0	23188.55940909295
P26641	190.43067305521117	178.5696018718404	0.0	0.0	0.0	0.0	0.0	208.15207792005276	219.32508325459662	0.0	86.17371908068753	222.20898979644608	0.0	104108.35536054688
Q16778; Q96A08; O60814; Q8N257	0.0	353.23770663245523	0.0	0.0	0.0	4.143257191120938	0.0	0.0	0.0	0.0	0.0	7016.447174581896	2109.0500761495623	1890797.026033714
P00558	280.45096441305964	570.7556550962936	0.0	320.87911767694004	148.0335102426243	827.3976612446762	756.855218040839	736.3894351900692	841.4324897359775	49.3704756560719	449.262396857917	2346.186561874325	1098.9244533094613	429485.75349473517
Q9Y696	0.0	199.87358127707557	0.0	224.0582158841314	0.0	97.05860610148943	193.102991112135	124.9156229190969	271.5030885518429	76.49344338959145	151.45867430603425	430.237542768348	134.6180649057951	6328.606690265553
O75367	0.0	0.0	0.0	0.0	0.0	0.0	0.0	0.0	0.0	0.0	0.0	0.0	0.0	10271.42063449384
P49321	376.6765162381389	158.80608122673402	0.0	0.0	0.0	141.46361921398602	439.1703058933208	0.0	202.07037914452758	0.0	57.900475032243776	902.5425657442129	0.0	17820.95669600113
Q01995	235.10723618044813	2261.460937147252	0.0	803.5358238436745	42.59480021756008	1201.5086926916063	1321.9221252923398	2132.279866315721	1044.808101740577	564.5476107405857	925.7624067473371	2348.6885443623523	1423.7259305720036	139263.18566721663
P60709	0.0	0.0	0.0	0.0	0.0	0.0	1194.890626458172	253.66076322675872	0.0	0.0	0.0	1832.2645206201587	83.58996168332214	144338.70364346096
P36578	0.0	1469.414218343697	0.0	802.8812152613291	321.63701508172016	459.4601155977182	742.8071057380685	2554.9336740822355	1494.0851709020135	1412.8571892975388	748.6745800518593	799.2474069560415	1435.041488398927	107800.54841342277
P12004	0.0	0.0	0.0	0.0	0.0	12.537461202799477	0.0	0.0	0.0	0.0	0.0	8.26990690509433	0.0	3720.2049000606507
P46778	0.0	221.27214845097888	0.0	46.331633734927436	40.81698251782518	161.4205149272716	142.88148616734725	151.4518175976009	231.800486877225	151.11767191368654	9.834722456308555	328.63587686012943	121.35239799583997	14214.338315451096
P62987; P62979	0.0	0.0	0.0	0.0	0.0	296.0169479455137	0.0	0.0	245.79199130900497	0.0	0.0	661.6444770762223	605.9580904890577	320756.173828459
P52907	0.0	0.0	0.0	0.0	0.0	0.0	1.5548899730817993	0.0	0.0	0.0	46.953788858239136	0.0	0.0	10929.090951577946
P16989; P67809	0.0	0.0	0.0	0.0	0.0	0.0	0.0	0.0	0.0	0.0	0.0	0.0	0.0	9790.645282580368
Q15233	186.67465616183063	11.32429646938408	0.0	0.0	16.18750508256062	54.18024939337181	102.73377518191421	134.9183101294608	150.95224921167016	0.0	104.53972836934065	153.79672783684214	9.885193664528174	46227.384015169584
P06744	0.0	760.4996196384633	0.0	15.74217898162442	0.0	610.6482615674099	1592.5332857563076	761.4299903624071	1344.9960377897671	0.0	931.5791083212158	1840.106656104591	1478.8117239895391	216667.96966967732
P16152	0.0	263.94107774292934	0.0	200.91306526976632	199.3211118457043	131.9740024315488	243.6072732081011	342.1063133521443	43.12410533492175	0.0	52.44701752036053	380.58558335739144	172.60625033355655	8050.4559928753715
P14625	140.92399260012235	0.0	0.0	0.0	0.0	77.89791576696155	148.87367922559486	36.212182912757726	0.0	0.0	357.5442670847965	369.44718095596204	273.37811820189404	223068.54361814496
O00622	0.0	190.18678871045768	0.0	13.818174718633372	46.4266120155155	0.0	0.0	242.38934126026857	455.3294736095688	33.533226388248295	213.8856599403648	0.0	45.703338522726426	4966.9879639977025
P38646	0.0	128.20419313726507	0.0	0.0	0.0	203.12324734766526	468.0174208087237	353.77118279896445	0.0	284.54033289811923	374.84606573735664	1722.8098860430644	593.9788972601068	140789.89959844854
P37108	0.0	0.0	0.0	0.0	0.0	36.859270108195005	0.0	0.0	85.66525038540544	0.0	0.0	0.0	0.0	43139.70715991032
P07910	1218.7651117277524	906.7420760980767	0.0	0.0	0.0	0.0	0.0	0.0	0.0	0.0	0.0	0.0	0.0	153688.60050540869
Q14019	0.0	0.0	0.0	0.0	0.0	0.0	0.0	0.0	0.0	0.0	0.0	0.0	0.0	17575.999665803633
P05388	0.0	211.08119585198676	0.0	0.0	0.0	99.6344893585051	0.0	41.12554142859517	246.3488691586217	298.1443072338202	0.0	486.32151733807177	590.7936217408223	73975.55603382777
Q13509; P07437	0.0	0.0	0.0	0.0	0.0	0.0	0.0	63.19808764252048	0.0	0.0	0.0	511.17010328972356	0.0	85273.49498746477
P60174	0.0	3906.7823280538823	0.0	2527.5459187375354	176.2906107884919	1553.8383432547153	2025.13355263647	1869.7372143007096	1776.634068840573	1957.051326626838	2158.1084349431085	3761.6780314879607	999.2437706950627	225289.9997512399
P22695	285.8077072183389	146.23858509783418	0.0	0.0	0.0	0.0	81.71968732555592	0.0	0.0	0.0	0.0	105.94993026234988	0.0	4085.8208449744816
P55072	17.8464940112259	1211.6754672616132	0.0	288.4871400264685	170.7554711981811	294.3241966656011	527.8514846954167	471.51310375771254	306.90910866139166	261.9272642389187	309.47699948771856	598.9054511143293	0.0	121574.09770440304
P11279	2931.92311778566	0.0	0.0	0.0	0.0	0.0	0.0	0.0	0.0	0.0	0.0	0.0	0.0	10697.022943635458
P24844; O14950	0.0	0.0	0.0	0.0	0.0	0.0	0.0	0.0	0.0	0.0	0.0	0.0	0.0	46401.58522305843
P52209	155.8526466658668	84.69102512730956	0.0	0.0	0.0	0.0	91.28329256722247	41.233249184296255	0.0	8.986194201445414	62.435893261198316	462.9102570014169	0.0	30511.353940995512
P63241	3266.7900991817633	0.0	0.0	0.0	84.18416704866922	378.5325037813009	0.0	0.0	0.0	0.0	0.0	0.0	0.0	172667.56730004013
P21291	0.0	266.80149142659445	0.0	0.0	0.0	23.55933085005927	39.11512636203861	184.2252755754563	0.0	0.0	0.0	228.89166299297108	153.52815755381425	46399.9382312738
P36871	454.6396295903221	0.0	0.0	0.0	111.67344150382792	145.21381091001308	16.222688787685684	97.731392347456	144.42861689058918	5.105226855376486	46.38006027330175	140.42402903837728	70.84383945486934	5682.701759172728
Q92973	451.74029049736237	26.84596762519186	0.0	0.0	97.13121050267023	0.0	8.681285001215883	22.819108521580574	4.8374242540528485	0.0	91.55057354102132	411.4146918793556	158.29072732184568	8054.891405991209
Q14974	0.0	0.0	0.0	0.0	0.0	0.0	0.0	0.0	0.0	0.0	0.0	0.0	0.0	11377.148564789937
P23284	0.0	508.7990638610154	0.0	68.42279780938361	0.0	219.81214414925535	791.0868708444382	0.0	87.23045603933178	0.0	223.80294642017816	1733.5475597998498	0.0	270379.9995877824
Q16576; Q09028	5130.868817524976	367.04399076493974	0.0	0.0	0.0	378.7110436049013	132.8050253233971	152.7135196665647	242.4275264526052	90.38604446074419	303.2130305798489	375.99146154687946	197.98714610317074	60555.82691475471
P14324	0.0	35.30308272528646	0.0	0.0	31.212420718242356	202.2569973992592	204.8863081401047	292.4672592421421	100.94733003598782	0.0	225.15516560725143	206.42270182351854	319.76726650103535	25374.643636282977
P80723	182.57943463653407	279.92366071040396	0.0	392.5824949546384	450.94702466849446	359.03510744429764	390.10232790125235	512.6873887228048	405.77109986513074	0.0	144.47060780607183	431.6505079635008	205.949771924601	207369.61720419908
P62910	0.0	0.0	0.0	0.0	0.0	0.0	0.0	0.0	0.0	0.0	0.0	173.57779038446324	111.29213231790527	23220.272211712207
P62277	0.0	2389.214279364802	0.0	0.0	0.0	0.0	761.9689755056384	223.61763167266326	282.5465107568016	136.7525806447902	0.0	746.4639978474193	72.79918261270905	122313.30259196479
P60981	0.0	50.81533382307771	0.0	0.0	0.0	125.25071888274852	171.7421948663316	428.1560775453486	373.61197351095916	0.0	537.6646818078743	1212.3025531317885	73.9085905845302	43960.46295910004
P63220	0.0	50.888512737394194	0.0	0.0	0.0	0.0	0.0	0.0	225.88636316409702	0.0	0.0	358.8848991966124	0.0	43878.6993519418
P36952	0.0	0.0	0.0	5.99690822265768	0.0	0.0	108.59805210317904	48.378420244066774	7.131404344749399	0.0	5.021729001369408	50.74390005264104	24.527917761509116	5624.212125743126
Q13263	67.30987086640539	0.0	0.0	0.0	0.0	0.0	33.32183889833232	0.0	0.0	0.0	0.0	22.34652227217657	32.02601960324478	9098.88619346585
Q13442	50.52694920013778	6.074508751178314	0.0	0.0	0.0	0.0	0.0	0.0	18.244997651517338	0.0	0.0	0.0	106.79949187455895	4465.5041014801145
P13073	0.0	0.0	0.0	0.0	0.0	0.0	0.0	0.0	0.0	0.0	0.0	0.0	0.0	7219.515963267946
P11413	442.8935565119473	0.0	0.0	0.0	0.0	17.03006616182597	29.641592741980617	0.0	0.0	0.0	0.0	489.2867784991381	0.0	54613.60446296171
P62753	0.0	0.0	0.0	0.0	0.0	0.0	0.0	232.50245920638736	649.8603730304458	0.0	0.0	414.93750744999215	0.0	58299.18760549912
P46940	207.89963174865397	14.277629678271069	0.0	19.583667084370518	33.78900235861033	124.97572269333034	32.742584311909354	157.31015393920336	36.270295414033626	0.0	55.63335086299708	342.0671045391174	156.4232267435333	28881.97114724592
P67936; P07951	0.0	332.8487581339841	0.0	0.0	0.0	0.0	0.0	39.03943251110422	0.0	0.0	0.0	103.41179171312115	0.0	9147.913483244192
P55209; Q99733	0.0	0.0	0.0	0.0	0.0	0.0	4.196957669417316	22.241259041431476	0.0	0.0	0.0	0.0	0.0	19691.37808664616
P25789	0.0	77.289677808119	0.0	0.0	0.0	80.86244048747903	0.0	0.0	81.17063308115485	0.0	0.0	95.91369886891175	0.0	8243.131799604342
P48509	0.0	0.0	0.0	0.0	0.0	0.0	0.0	0.0	0.0	0.0	0.0	0.0	0.0	0.0
P30050	5505.6717778131015	0.0	0.0	0.0	170.0482290623777	62.30801022725336	88.96054319667019	0.0	274.3026344696573	0.0	0.0	165.93441384920698	897.761954376283	11185.146619578383
Q9P0L0	0.0	183.96429821121455	0.0	0.0	0.0	97.86882758849856	9.625663488007831	46.27399280813529	0.0	0.0	0.0	141.8563469517876	62.580813395137284	7068.129485702841
P61289	0.0	0.0	0.0	0.0	0.0	0.0	0.0	0.0	0.0	0.0	0.0	0.0	0.0	6482.769931081643
P09382	0.0	68.02882522485697	0.0	0.0	0.0	0.0	0.0	0.0	0.0	0.0	26.99011428256972	310.82852785220575	0.0	166664.4642343272
O43390; O60506	165.3407539515499	36.59694457997489	0.0	0.0	40.92776941864622	68.43065221012012	0.0	27.01434275991346	48.7133417611733	0.0	0.0	413.81090096348294	108.7548615759124	43905.08269823759
Q15056	0.0	0.0	0.0	0.0	0.0	0.0	0.0	0.0	0.0	0.0	0.0	0.0	0.0	0.0
P22234	0.0	19.874939898923003	0.0	61.39101748900157	0.0	224.09665458223435	209.2727784707522	309.1757935575156	146.77136787804557	200.87912073585676	263.90785431022834	718.1700508229608	253.53349125135844	31559.0579048906
P49327	193.78174600496914	67.48136724977053	0.0	0.0	0.0	256.1477393206594	203.06398959109538	317.55958552834	197.50368404270023	9.009951988726243	77.73125206175519	721.5495050919541	321.9495803301785	19157.537339328406
P61353	0.0	85.04370269846959	0.0	0.0	0.0	293.67614376449	86.8613719161117	166.44647170266762	413.11676082827535	134.26896897656388	320.6207025126332	1725.583017515174	484.4344446181376	33153.16576836992
P22314	731.8114425830458	465.66575510056884	0.0	380.6153364588605	162.35712469872567	265.5114517076961	150.59096492677236	140.01164337065927	130.55293638269825	122.41206458326985	185.24490448086578	758.8945919531061	200.1248602023063	63628.8600054952
P53999	0.0	296.69635075138103	0.0	227.86581938372456	199.83869688346203	38.34114481921597	148.72326513279813	206.1591730609107	117.59507866073864	0.0	137.22929860183058	372.2570339182639	0.0	77949.14531198978
P62857	0.0	206.10438773020587	0.0	0.0	0.0	0.0	0.0	0.0	0.09066131060581029	0.0	0.0	0.0	0.0	16093.73140259875
P11142; P0DMV9	0.0	75.01381269709645	0.0	0.0	0.0	0.0	0.0	2.951498523538703	0.0	0.0	0.0	102.58909806688189	248.3734603173557	37493.2629271826
P78371	0.0	187.75030541541946	0.0	0.0	0.0	36.80606784923884	0.0	121.10292086360596	0.0	0.0	0.0	108.01593618372567	405.05422775237	29653.187198735242
Q9NZN4	0.0	69.66593852318988	0.0	91.98593694001829	0.0	150.15826868018735	8.457882365765272	167.7976146861281	170.62185454293126	9.787624072751441	165.12290105297075	503.6197734210052	272.9497219355774	9208.558590827053
P43243	0.0	138.35353640466042	0.0	0.0	0.0	197.67783390925558	94.46696067377775	0.0	224.6021155505765	157.90299316193966	18.22633903750841	346.6149131535259	89.20482740067155	35968.35022727582
P63104; P31947; P31946; Q04917; P61981; P27348; P62258	0.0	0.0	0.0	0.0	0.0	0.0	0.0	251.83726368918042	0.0	0.0	0.0	26.119818898764606	0.0	926186.5348247015
Q07065	181.6472029194406	0.0	0.0	12.936259386833058	0.0	0.0	54.42292877745717	26.022321412321503	0.0	40.875882158492345	17.752484809050998	49.01139945560692	0.0	2637.178202654818
P52565	170.93541219617873	30.55268648026049	0.0	0.0	0.0	231.1579211774615	224.1036236220034	0.0	15.20811816454534	0.0	0.0	160.554906434033	149.29714468464408	52793.859307055376
P26373	192.17530146293052	138.91517979876517	0.0	0.0	0.0	0.0	12.10590447592358	0.0	44.45799992332388	0.0	0.0	311.60517638874603	0.0	63861.93136071823
Q16881	0.0	172.17749220237783	0.0	0.0	0.0	456.040465910301	125.07524554715974	712.4002928380887	269.0027688971918	179.93413095503	0.0	0.0	200.67988947210142	111288.70766962778
P55084	0.0	0.0	0.0	0.0	0.0	0.0	0.0	0.0	0.0	0.0	0.0	0.0	0.0	8304.98340175087
P39748	73.68427773212716	0.0	0.0	0.0	0.0	230.70983579463336	16.502746305382516	194.66323576255127	0.0	0.0	0.0	156.49117626558473	82.07215602879296	12295.383929661459
P35637; Q92804	0.0	0.0	0.0	0.0	0.0	0.0	0.0	0.0	0.0	0.0	0.0	0.0	0.0	3811.4565039161616
Q6P2Q9	356.59992434505773	52.520591656849206	0.0	0.0	62.73585217574248	0.0	0.0	212.84876959651763	165.89394698028707	8.425177354212224	44.17348318098709	67.35815535355528	42.92954478184572	1034.6269463036924
P62081	0.0	537.8471016467322	0.0	0.0	0.0	0.0	273.61590533572144	445.229314161646	573.7294463583303	0.0	209.85519312075758	779.8791063499348	0.0	73117.77479061413
Q71U36; Q9BQE3	513.9486058694501	1544.571033477514	0.0	0.0	0.0	451.99443574036536	0.0	1067.9315962085038	585.0077812085574	0.0	500.50152467108273	3376.488756829999	991.2461800848705	307097.70748953766
P80297; P67983	0.0	0.0	0.0	0.0	0.0	0.0	0.0	0.0	0.0	0.0	0.0	0.0	0.0	0.0
P30044	682.3072262386177	0.0	0.0	0.0	0.0	26.680911207944064	41.77536910563208	10.109380494064055	0.0	0.0	114.61091235721028	0.0	90.67308651484888	20353.65648381263
Q00839	50.01004859462523	680.5232584607994	0.0	0.0	0.0	131.4310827272837	1122.237076349531	258.93699240597726	592.9854348455069	0.0	612.3818582603008	2051.1931873030926	458.9380710066025	185996.29075780284
P14314	448.64624779466567	0.0	0.0	0.0	0.0	229.00722774552332	96.84618389989873	468.12397251184757	419.2389111494017	0.0	617.8415341365899	1629.1992028876539	135.0979671654918	22922.63776958391
P12277	0.0	62.032100031787195	0.0	0.0	0.0	3.2662135523918323	49.87500967437927	51.1186505753908	74.2669446416387	0.0	49.14024259332314	173.4777911714791	100.22738720036932	13141.661930259274
P62826	0.0	34.41405068111612	0.0	0.0	0.0	0.0	158.03435777469394	0.0	0.0	0.0	0.0	135.6411445983881	0.0	70210.61344002472
P28331	0.0	0.0	0.0	0.0	0.0	0.0	0.0	0.0	25.287288008846986	0.0	36.31623772271837	23.120174611646576	66.71916968298251	1884.9664527815307
P13797	0.0	0.0	0.0	0.0	0.0	0.0	0.0	0.0	0.0	0.0	0.0	0.0	0.0	0.0
P62906	0.0	0.0	0.0	0.0	0.0	0.0	0.0	0.0	0.0	0.0	0.0	0.0	0.0	65070.08784060618
O75396	46.09806836867483	21.436849415645156	0.0	0.0	0.0	37.88692183048215	0.0	0.0	0.0	0.0	27.03058356108818	259.83924849326604	16.471233693418753	28962.51624875766
P39019	0.0	0.0	0.0	0.0	0.0	158.39064929766255	235.33416605444518	0.0	81.95291532696228	0.0	0.0	623.2957336966874	0.0	55168.453840201175
P08134; P62745; P61586	0.0	0.0	0.0	0.0	0.0	0.0	0.0	0.0	0.0	0.0	0.0	0.0	0.0	0.0
P51991	0.0	11.250039006996303	0.0	0.0	0.0	0.0	0.0	0.0	0.0	0.0	0.0	0.0	0.0	14026.14121334554
P13639	0.0	1594.246462096833	0.0	0.0	44.850938460264445	0.0	147.86137118396482	1112.0622486251505	618.8257145181119	0.0	211.67227438385783	957.4410789482922	422.36447240071607	244396.86675323162
O14880	0.0	0.0	0.0	0.0	0.0	0.0	0.0	0.0	0.0	0.0	0.0	0.0	0.0	0.0
P68104	0.0	0.0	0.0	0.0	0.0	0.0	0.0	0.0	0.0	0.0	0.0	0.0	0.0	432758.71289044496
O00571; Q92841; P17844	0.0	0.0	0.0	0.0	0.0	0.0	0.0	0.0	0.0	0.0	0.0	58.75645999502308	0.0	12658.162969966112
P16949	56.37119655619733	32.402924642672815	0.0	80.49186013789154	140.67853396876376	178.94115649620494	136.70526108329204	229.52013500273847	163.95070670430778	0.0	201.55496081764227	324.0971650602752	210.17864283171173	15095.779687820486
P62805	10317.258613916272	1819.6041047721062	0.0	1846.1214526094964	0.0	98.63977313807663	3777.9034780602633	1702.8040218210801	222.36928784932888	0.0	2737.2114352412987	8254.379965843345	621.8571117278474	1732370.258769332
Q01813	79.42952039028319	8.818298212923537	0.0	0.0	0.0	0.0	0.0	34.46134949905729	0.0	0.0	43.15092925436602	64.93002532442586	76.70765461910514	8412.938953417619
P27824	0.0	5.405379539148726	0.0	15.610591737192408	385.8083948670496	30.632054297027025	137.9875567113163	288.46731133975163	0.0	0.0	253.205154796055	488.053060102259	28.90159852677698	72179.31108753981
P27635	0.0	120.51767006940372	0.0	0.0	25.245081891063137	0.0	0.0	109.22634208780528	0.0	0.0	73.30975910549796	268.10027833907725	42.88754562791587	38596.242422476724
P14625; P08238	0.0	0.0	0.0	0.0	0.0	279.3823093590431	265.2907383672141	473.44998591686317	260.18742329412635	0.0	157.06762232306028	510.06927276965735	327.43955800996446	31307.48245620344
P17987	0.0	116.14967160192418	0.0	30.556523566357782	31.595931155861535	0.0	75.4966023222496	22.904343612710363	32.67898989036371	0.0	43.03972550568551	215.40541190535225	0.0	26992.556347836253
P67870	929.7390139081606	3.9755534985765735	0.0	0.0	0.0	100.48139596861915	90.78617490472811	127.13816930617509	63.16750774960724	47.580126396744845	282.9685861023888	158.9393981205858	152.04498148623406	4200.054288499896
P49458	0.0	13.67979691593871	0.0	0.0	0.0	26.03487628456071	0.0	0.0	43.52659928599576	0.0	0.0	0.0	0.0	6198.041725109928
P31946	0.0	8.136247577785525	0.0	0.0	0.0	174.71300426369817	215.78637653491978	82.13787593520738	0.0	0.0	0.0	0.0	108.42608265378294	59644.5980946591
P16401; P16402; P10412; P16403; Q02539	0.0	0.0	0.0	0.0	0.0	390.7738025686567	0.0	0.0	0.0	0.0	185.29585284288623	154.59729908658028	0.0	259666.89496514134
Q13907	0.0	0.0	0.0	0.0	0.0	0.0	0.0	70.77408577813003	0.0	0.0	0.0	252.6067984356505	18.49328860951482	3608.431410264767
P06454	0.0	13.245130547595181	0.0	0.0	0.0	0.0	0.0	0.0	0.0	0.0	0.0	0.0	0.0	34242.5248821454
O00571	0.0	0.0	0.0	0.0	0.0	77.43804041738235	0.0	71.71137831792771	71.90746097787564	0.0	0.0	0.0	5.543692559338979	7465.858433428695
Q16778; O60814; Q8N257	0.0	279.78090890875274	0.0	0.0	0.0	82.16046555866797	398.74920046357056	17.985280888469333	0.0	629.9368326594545	250.93012846643842	1366.5318664567644	368.85079979727107	405898.7406564248
P48643	0.0	391.5205815371737	0.0	0.0	0.0	78.75590466326412	138.48745428090592	28.607019743389174	0.0	0.0	17.664924181024162	239.20377260412556	13.614238739494795	49747.65760706272
Q06830	188.25672154554945	1053.9508494977586	0.0	73.79157660731153	240.60402145622083	1033.6417183365181	206.55709078841346	1002.0893410925232	1195.603783369968	0.0	67.49843945953467	2569.3909965295497	1093.5434223976638	609620.1709859783
Q15185	0.0	0.0	0.0	0.0	0.0	0.0	0.0	0.0	0.0	0.0	0.0	0.0	0.0	9836.354840338023
Q14697	0.0	147.03861599709376	0.0	12.507006901850218	131.6990592440634	193.51102177195173	286.78524044689675	0.0	197.94807558803848	0.0	16.38368328152751	322.2493875376085	164.4606381449346	102356.12445234475
Q13185	0.0	0.0	0.0	0.0	0.0	0.0	0.0	0.0	0.0	0.0	0.0	0.0	0.0	10535.99556428309
O75348	0.0	0.0	0.0	0.0	0.0	0.0	0.0	0.0	0.0	0.0	0.0	0.0	0.0	0.0
Q04637	0.0	0.0	0.0	0.0	0.0	0.0	0.0	0.0	0.0	0.0	0.0	0.0	0.0	2623.254494096158
P55060	260.36160367821935	125.01002989252925	0.0	326.09884178252105	406.26984407627015	288.18485073327406	312.9422494939861	521.2943740063492	388.0719505627212	42.64068689761825	221.97413140723438	854.1919936424474	314.5293846447173	41767.47631789566
P41250	0.0	0.0	0.0	0.0	0.0	79.08077485085391	0.0	0.0	0.0	0.0	15.021259571004066	75.16591544964854	0.0	11621.19099166372
P52272	148.6487193420412	293.9285425678661	0.0	49.90398853550937	244.44678398014526	578.5607579515611	1551.8410396515767	974.8517043564275	579.3547013756456	60.82360921616919	257.1404709251551	1014.3686727718884	991.6856700433668	65756.04484177238
Q12797	0.0	6.123455481939686	0.0	0.0	0.0	7.72418276839835	21.00672352728745	23.069758303540937	0.0	0.0	0.0	0.0	0.0	2407.6352412366523
P10412	0.0	0.0	0.0	0.0	0.0	0.0	0.0	0.0	0.0	0.0	0.0	0.0	0.0	0.0
Q13283	0.0	83.55188947803936	0.0	0.0	0.0	0.0	199.32706053273023	3.2475884713885534	10.546026550826355	0.0	0.0	174.79680078970182	32.64750286540084	28103.053874730063
P01891	317.1430366594177	289.3226059208055	0.0	268.4703425849025	22.01850052522832	220.340797561189	442.9520683695755	264.0919335225444	293.0380610274542	194.57430962674994	310.292100499443	781.1043616479337	486.13405465179176	21184.877991442678
P62195	222.42234045835858	0.0	0.0	0.0	0.0	0.0	2.3922171267306567	0.0	0.0	0.0	0.0	0.0	0.0	3531.521100586994
Q16181	0.0	0.0	0.0	0.0	0.0	0.0	0.0	69.2373764399781	0.0	0.0	44.073608824506664	87.77426909186693	85.5099759282939	5978.900352469625
P62306	0.0	15.7026645763072	0.0	0.0	0.0	0.0	0.0	0.0	33.22386664873119	0.0	38.580234025865934	0.0	0.0	1439.7301189346088
P07437	151.39983011686581	0.0	0.0	0.0	0.0	0.0	0.0	0.0	0.0	0.0	0.0	0.0	0.0	82713.44134185927
P62249	0.0	191.40239050188575	0.0	0.0	0.0	0.0	483.47092471967244	208.84977930377772	684.1939578598349	0.0	54.606920120426366	348.26176822086427	90.16294390196481	26145.690710306895
O14950	0.0	0.0	0.0	0.0	0.0	0.0	0.0	0.0	0.0	0.0	0.0	21.243609470349384	0.0	8928.633645703705
P61088	0.0	0.0	0.0	0.0	0.0	0.0	0.0	0.0	0.0	0.0	0.0	25.908393676822698	0.0	6869.051373271338
Q14847	0.0	0.0	0.0	0.0	0.0	0.0	0.0	0.0	0.0	0.0	0.0	0.0	0.0	7783.3562800466425
Q9UBM7	0.0	40.391772567441876	0.0	0.0	0.0	0.0	111.56901222340139	32.3105721744605	0.0	0.0	0.0	22.4304634901805	47.91005868661341	10473.680708601985
P23528; Q9Y281	0.0	0.0	0.0	0.0	0.0	51.81571091514979	0.0	88.41634872592158	8.82123495408041	0.0	99.13591779403987	56.23721671943986	133.35688933811844	105239.17736781962
Q15084	0.0	0.0	0.0	0.0	0.0	0.0	0.0	0.0	0.0	0.0	0.0	0.0	0.0	10787.652716488456
Q8NC51	0.0	670.0607179556084	0.0	0.0	0.0	151.6665235390019	0.0	1271.1214804249148	1262.891380369313	0.0	0.0	1482.7536834791126	748.615362934037	85589.5199637442
P62273	0.0	0.0	0.0	0.0	0.0	0.0	0.0	0.0	0.0	0.0	0.0	0.0	0.0	0.0
Q3SX28; P07951	0.0	0.0	0.0	0.0	0.0	0.0	0.0	0.0	0.0	0.0	0.0	0.0	0.0	0.0
P59190	0.0	53.98984403046438	0.0	0.0	0.0	6.491460999038964	0.0	0.0	8.454262962480925	0.0	0.0	0.0	0.0	11320.520582687743
Q71DI3	0.0	0.0	0.0	0.0	0.0	0.0	0.0	0.0	0.0	0.0	0.0	0.0	0.0	0.0
P13929; P06733	0.0	0.0	0.0	593.4510347485921	593.4487442698883	493.76782114263915	3119.101569284612	0.0	105.57597681197512	831.405523693149	0.0	0.0	1987.5809097332203	73313.89021495385
P46781	0.0	0.0	0.0	0.0	0.0	0.0	0.0	0.0	0.0	0.0	0.0	0.0	0.0	87892.76761761986
P26639	0.0	219.34255749182012	0.0	0.0	546.0270386867651	730.3267832815673	386.6405917161785	59.079564033459974	471.690028103666	0.0	13.165353227907872	297.1038456751344	1070.3486089505532	63064.71338022452
Q99497	0.0	0.0	0.0	0.0	0.0	0.0	0.0	0.0	0.0	0.0	0.0	0.0	18.76902955749597	15313.762390092345
Q969Q0; P83881	0.0	0.0	0.0	0.0	0.0	0.0	0.0	0.0	0.0	0.0	0.0	0.0	0.0	0.0
P24844	0.0	0.0	0.0	0.0	0.0	52.23215956144395	45.09197010087064	28.687294324166714	64.47385055014593	0.0	0.0	174.53270656675613	90.92056041657656	8204.059517791677
Q06830; P32119	0.0	0.0	0.0	0.0	0.0	0.0	0.0	0.0	0.0	0.0	0.0	0.0	0.0	89663.38586845683
P62937	0.0	396.20500441633385	0.0	0.0	0.0	678.5814475747666	149.48141331542774	53.42258998531565	226.50552053734918	0.0	99.9360663395421	2122.724181939982	0.0	231676.47694248165
P58546	0.0	0.0	0.0	0.0	0.0	0.0	0.0	0.0	0.0	0.0	17.531140451402507	0.0	0.0	12107.580977643811
P62266	0.0	67.86889301274095	0.0	0.0	0.0	0.0	0.0	372.8254655740893	328.4646397148572	0.0	0.0	53.20707491062967	0.0	97479.63498345178
P08729; P08670; P08729; P05787	0.0	0.0	0.0	0.0	0.0	0.0	0.0	0.0	249.9603516492043	0.0	0.0	0.0	0.0	264436.9658839619
P67936	0.0	271.84747059230494	0.0	0.0	0.0	0.0	0.0	0.0	0.0	0.0	0.0	0.0	0.0	32548.48913258635
P43487	0.0	0.0	0.0	0.0	0.0	0.0	0.0	0.0	0.0	0.0	0.0	0.0	0.0	8680.128658756852
P11586	0.0	0.0	0.0	0.0	0.0	3.726833192299864	0.0	0.0	0.0	0.0	0.0	41.179459844707935	0.0	22989.328413115243
Q8IVF2	95.51317178919498	74.02052051776309	0.0	47.2146405602939	205.73381625593902	206.5450726803465	134.76076033425306	257.8760612678109	222.82388464356382	45.90156764172457	180.59813268581524	463.1603223583463	122.07416676847515	3436.4065423131665
Q92841	47.81097722485788	48.809434406249466	0.0	0.7287910140069016	0.0	234.4674108332641	100.1928999948218	156.91738450754846	42.17454955111168	0.0	0.0	186.7545994133662	0.0	8978.30473129391
Q99460	401.76644469237385	0.0	0.0	0.0	0.0	0.0	0.0	0.0	0.0	0.0	0.0	0.0	0.0	1637.3290981126804
O76021	0.0	0.0	0.0	0.0	0.0	0.0	0.0	0.0	0.0	0.0	31.916581601762573	85.80923359382791	0.0	913.4862586608249
P29692	0.0	131.81720206700948	0.0	0.0	0.0	0.0	0.0	0.0	0.0	0.0	0.0	0.0	0.0	13508.131615739741
P61106	0.0	0.0	0.0	0.0	0.0	0.0	0.0	0.0	0.0	0.0	56.67847776864846	1.4164659278276304	0.0	7075.889142227248
P29279	0.0	0.0	0.0	0.0	0.0	0.0	0.0	0.0	0.0	0.0	0.0	0.0	0.0	0.0
P18085	0.0	30.0322316706156	0.0	0.0	0.0	0.0	0.0	0.0	0.0	0.0	0.0	0.0	0.0	8762.960933891762
P33316	99.59055137102223	20.980941366765364	0.0	0.0	0.0	0.0	0.0	93.97225063180986	0.0	0.0	0.0	0.0	0.0	6883.133746251105
P61160	0.0	0.0	0.0	0.0	0.0	0.0	0.0	0.0	0.0	0.0	0.0	0.0	0.0	5123.67871221129
P38159	0.0	88.67025188597631	0.0	0.0	0.0	521.6366240757501	95.32158549210612	420.7817154402504	570.0811867231896	59.50299341463915	588.4473660694662	582.5487321585963	424.534248250956	54776.645881185
Q9NX24	0.0	0.0	0.0	0.0	0.0	0.0	0.0	0.0	112.75390317122992	0.0	0.0	166.63859603406536	0.0	4855.019797455654
Q13347	0.0	0.0	0.0	0.0	0.0	0.0	0.0	0.0	0.0	0.0	0.0	0.0	0.0	0.0
Q01105	0.0	0.0	0.0	0.0	0.0	1.2692561973942702	0.0	0.0	0.0	0.0	0.0	0.0	0.0	18571.335982701283
Q9Y3F4	73.98977739941006	0.0	0.0	16.103509486312987	0.0	0.0	56.95070905213288	136.19953379937238	0.0	0.0	0.0	0.0	0.0	19863.340802014332
P30484	0.0	0.0	0.0	0.0	0.0	0.0	0.0	0.0	0.0	0.0	28.450894683434626	0.0	0.0	15096.482516324557
P20700	2264.2605272134683	0.0	0.0	0.0	0.0	0.0	0.0	72.94218849405297	0.0	0.0	0.0	0.0	45.14154410308902	11572.716979088833
P32119	0.0	389.0422487715905	0.0	492.8679710795818	0.0	592.7783594499888	243.02305749323068	387.21968617724406	265.57751671039387	0.0	404.6356541710006	914.7528818051246	409.5374760256359	120014.34223648187
P61313	0.0	0.0	0.0	0.0	0.0	0.0	0.0	0.0	0.0	0.0	0.0	0.0	0.0	90984.70391689357
P49368	0.0	55.3697312886261	0.0	0.0	0.0	48.09075039881873	9.975172948326644	146.43667281417265	142.60610153743255	0.0	2.569730912039631	937.4365535493782	0.0	41096.94607748088
P68371	85.4426272205128	59.473229517553136	0.0	0.0	0.0	470.68263595464487	174.46995808374686	78.5542266014163	111.14085262317894	0.0	0.0	691.4012986032383	329.3461703973453	45262.22459569769
Q9UQ80	0.0	0.0	0.0	0.0	0.0	0.0	0.0	0.0	0.0	0.0	18.419221266297882	100.10340727380981	179.21765777424844	49144.916492563396
P67936; Q3SX28; P09493; P07951; P06753	0.0	0.0	0.0	0.0	0.0	0.0	0.0	0.0	0.0	0.0	0.0	0.0	19.741041558263532	238043.0823108789
Q13162	146.20143270671298	26.52004433724869	0.0	47.63382403021228	48.61159575105097	2.2306578246661957	93.62718763454694	101.69822804000904	50.92952109200331	0.0	48.66025173847902	43.33078363215577	42.37450618288568	2858.13556700938
P23246	0.0	163.1125239137475	0.0	0.0	0.0	0.0	54.5847287199623	39.23372295717172	0.0	0.0	0.0	141.7379455184523	0.0	27970.060157494423
P11388	0.0	0.0	0.0	0.0	0.0	0.0	0.0	0.0	0.0	0.0	0.0	0.0	0.0	0.0
P23919	0.0	106.10255399617495	0.0	146.28470341625325	161.87616472301056	129.35681017441038	116.70107768406638	179.7884577975815	193.65861588371854	106.68758592904783	363.54148496148537	343.4516420198149	94.65077514876452	3473.462969394891
P49721	0.0	107.10655611597542	0.0	0.0	0.0	37.917659041508045	113.9720640980895	32.963192578796736	61.37273126480909	1.99066905857768	84.48005596776625	142.68632422703126	68.15371707527402	3024.276981404015
P62851	0.0	0.0	0.0	0.0	0.0	0.0	0.0	0.0	218.28172171109236	0.0	0.0	0.0	0.0	26518.83750068144
P20290	0.0	0.0	0.0	0.0	0.0	0.0	0.0	0.0	0.0	0.0	0.0	0.0	0.0	3299.848452915823
O75083	0.0	75.79778087793329	0.0	0.0	0.0	0.0	0.0	27.127736031344966	0.0	0.0	0.0	142.24273542278343	0.0	22253.534048310874
P31040	0.0	0.0	0.0	0.0	0.0	0.0	0.0	0.0	0.0	0.0	0.0	115.07896454603406	0.0	6504.927818300695
Q14103	0.0	0.0	0.0	0.0	0.0	0.0	0.0	0.0	0.0	0.0	0.0	0.0	0.0	0.0
P62136; P62140	0.0	0.0	0.0	0.0	0.0	0.0	0.0	0.0	0.0	0.0	0.0	0.0	0.0	0.0
P62942	1594.454242432828	105.11837750260202	0.0	16.072031106161717	40.15487757598146	137.92480302433466	127.30686881603788	124.70778040796677	207.3815678196512	82.93800897980361	105.17922122268385	168.87912092650743	161.31587152525958	6752.060202789112
P33993	0.0	0.0	0.0	0.0	0.0	0.0	0.0	0.0	0.0	0.0	75.51682486498316	0.0	0.0	4724.3458132415935
O75874; P48735	0.0	0.0	0.0	0.0	0.0	0.0	0.0	0.0	0.0	0.0	0.0	0.0	0.0	21614.702001396363
P62244	0.0	0.0	0.0	0.0	0.0	0.0	0.0	0.0	0.0	0.0	0.0	0.0	0.0	0.0
P61224; P62834	0.0	0.0	0.0	0.0	0.0	0.0	0.0	0.0	0.0	0.0	0.0	0.0	0.0	10846.237684397656
P30837	0.0	21.465810591808804	0.0	0.0	0.0	0.0	0.0	14.304017013908378	0.0	0.0	0.0	0.0	0.0	5981.117398376934
Q16778; Q8N257	0.0	0.0	0.0	0.0	0.0	0.0	46.37843673545103	0.0	0.0	0.0	0.0	0.0	62.993399062114804	49029.21879759687
P09496	208.16261035488697	0.0	0.0	0.0	0.0	0.0	123.6685956575866	0.0	0.0	0.0	6.941673175133474	108.5859111184318	81.47130742628815	24923.075640765317
P20042	0.0	0.0	0.0	0.0	0.0	0.0	0.0	0.0	0.0	0.0	0.0	0.0	0.0	0.0
P40227	0.0	63.21880790575847	0.0	0.0	0.0	0.0	0.0	0.0	18.474135150342363	0.0	0.0	287.08538176785714	540.3984942531556	27351.596045661856
O14745	0.0	0.0	0.0	0.0	0.0	0.0	0.0	17.950352101840735	0.0	0.0	0.0	2.190118267297521	0.0	3144.527541077812
P21266	0.0	436.1403439839405	0.0	209.84484564939464	94.18264478555238	436.70371310111443	217.68978081717773	646.5141131497414	359.797702634703	201.80054865727652	285.5545372633933	844.1144139013413	229.79149739335026	20369.252572750054
Q28194	0.0	0.0	0.0	0.0	0.0	0.0	0.0	0.0	0.0	0.0	0.0	0.0	0.0	0.0
Q5VTU8	0.0	118.69725069834158	0.0	0.0	0.0	0.0	5.4681010895633335	0.0	0.0	0.0	0.0	0.0	0.0	6037.694604320222
P61254	0.0	410.6066816140892	0.0	0.0	0.0	154.05633760261026	0.0	13.845984077998764	550.455372923595	0.0	0.0	426.33552363922354	0.0	149363.50226394727
Q02878	452.0506544801574	350.04277003787354	0.0	0.0	0.0	128.74242706464884	183.00116097743762	226.86059581813083	216.62085706698804	0.0	82.246977701221	238.8810691779138	66.31045464236865	82844.89423772137
Q99848	0.0	0.0	0.0	0.0	0.0	0.0	0.0	0.0	0.0	0.0	0.0	6.30326526132626	0.0	7106.414219071794
P15121	0.0	0.0	0.0	0.0	0.0	0.0	0.0	0.0	0.0	0.0	0.0	0.0	0.0	8559.242106025864
Q99873	0.0	0.0	0.0	0.0	0.0	0.0	0.0	0.0	0.0	0.0	0.0	75.78564189451458	72.93292425157756	4055.675646489249
P67936; P06753	0.0	1990.3201359686873	0.0	689.7849503516936	0.0	486.09603887432604	567.5981668300183	1151.2114319467778	1228.1863972947272	397.22929911347455	808.4427791661064	1575.1414815903436	0.0	76602.52332753436
Q8NBS9	0.0	0.0	0.0	0.0	0.0	23.828444984064618	0.0	22.51064367799279	0.0	0.0	0.0	245.83466498182838	0.0	9103.377856818988
P46776	0.0	312.5549746017041	0.0	0.0	0.0	0.0	131.03565399178478	115.99206460418645	0.0	0.0	0.0	467.6027309925921	216.02395342347882	41554.04117067339
P63104; P31946; P27348	0.0	0.0	0.0	0.0	0.0	0.0	0.0	0.0	0.0	0.0	0.0	4.208226452305098	0.0	52422.60833916732
O00299	0.0	20.688964652038067	0.0	0.0	0.0	0.0	100.56095335393502	7.150423634456729	0.0	0.0	55.70893247643289	154.44059340381273	0.0	9954.473152141118
P20700; P02545; Q03252	0.0	0.0	0.0	0.0	0.0	0.0	0.0	0.0	0.0	0.0	0.0	0.0	0.0	43088.02233224371
Q04323	0.0	177.552695328058	0.0	0.0	0.0	31.423761576433435	0.0	0.0	0.0	0.0	171.7796807069592	135.40142036522616	0.0	3165.635140961571
P18077	0.0	223.4395604069905	0.0	0.0	0.0	0.0	0.0	0.0	0.0	0.0	0.0	0.0	0.0	63140.40064731812
P09234	0.0	0.0	0.0	0.0	0.0	0.0	0.0	0.0	0.0	0.0	0.0	0.0	0.0	3475.4940439968836
P20618	0.0	0.0	0.0	0.0	0.0	0.0	0.0	0.0	0.0	0.0	0.0	20.605035722279126	0.0	9000.640637464896
P62750	0.0	0.0	0.0	0.0	0.0	0.0	0.0	0.0	0.0	0.0	0.0	406.7893966140491	0.0	114181.65494901007
P37837	0.0	249.97906948298396	0.0	0.0	0.0	0.0	0.0	258.5604270752865	134.73808428168059	0.0	0.0	278.40036856749066	0.0	22936.600582093237
P58107	0.0	0.0	0.0	0.0	0.0	0.0	0.0	0.0	0.0	0.0	52.25813436272665	0.0	0.0	37755.762059318455
O14949	0.0	40.7112193074222	0.0	0.0	0.0	31.53241843127273	0.0	30.200294445353848	47.17220484803374	0.0	40.13676477607896	16.106961753758924	0.0	2527.699837907485
O60814	0.0	0.0	0.0	0.0	0.0	0.0	50.55679122566744	0.0	0.0	0.0	0.0	1210.374807058307	34.301546645995586	200256.32785690547
P62847	0.0	0.0	0.0	0.0	0.0	0.0	0.0	0.0	0.0	0.0	0.0	0.0	0.0	21631.856367231056
Q01844	504.59896775180187	91.51302576344648	0.0	0.0	0.0	85.04118814407303	106.14076321205977	43.38363707337322	34.36898107635176	22.590018462045236	77.5727273975977	202.0933133638701	48.81685641719429	7759.0170993011025
P84243	0.0	0.0	0.0	0.0	0.0	0.0	0.0	0.0	0.0	0.0	0.0	0.0	0.0	0.0
P05496	0.0	0.0	0.0	0.0	0.0	0.0	0.0	0.0	0.0	0.0	0.0	0.0	0.0	0.0
Q07666	0.0	79.49551913204743	0.0	0.0	0.0	0.0	0.0	14.494279707734677	0.0	0.0	0.0	27.312950658778163	0.0	20221.30681127413
Q15370	0.0	0.0	0.0	0.0	0.0	0.0	0.0	0.0	0.0	0.0	0.0	0.0	0.0	6461.332088628409
P04075; P09972	0.0	366.898883929015	0.0	0.0	0.0	13.90790672581079	101.8106811642956	0.0	286.45221007146756	0.0	0.0	729.6738631577427	640.0581018886878	141345.92739595068
P63208	0.0	0.0	0.0	0.0	0.0	0.0	0.0	42.93510827936302	0.0	0.0	0.0	64.97656123447132	0.0	14816.287047027876
P28066	0.0	0.0	0.0	0.0	0.0	1.0320243349633529	0.0	0.0	0.0	0.0	0.0	0.0	0.0	10390.260892751783
Q13509; Q9BUF5; P07437; P68371	0.0	0.0	0.0	0.0	0.0	0.0	0.0	0.0	0.0	0.0	0.0	0.0	0.0	31922.174751079652
Q16777; Q8IUE6; P16104	0.0	0.0	0.0	0.0	0.0	0.0	0.0	0.0	0.0	0.0	0.0	0.0	0.0	0.0
P68366	0.0	0.0	0.0	0.0	0.0	0.0	85.28784347447754	0.0	0.0	0.0	147.24068704239698	62.707710164186665	0.0	28597.202714175204
O75369	0.0	0.0	0.0	21.5598499867325	0.0	34.86169641327069	0.0	0.0	0.0	0.0	76.34379946445813	160.3164834695359	0.0	32107.661027056754
Q15041	0.0	0.0	0.0	0.0	0.0	0.0	0.0	0.0	0.0	0.0	0.0	0.0	0.0	10262.898581536143
Q13162; Q06830	0.0	39.76150195433138	0.0	0.0	88.72330114663055	1573.3679483745418	88.405037426528	289.6801008347611	284.16731393131886	0.0	992.1291613133235	3457.513754906422	1251.146760877542	587260.6315071762
Q99623	0.0	0.0	0.0	0.0	0.0	0.0	0.0	0.0	0.0	0.0	0.0	20.18263111521719	0.0	3347.911353859487
O14979	0.0	0.0	0.0	0.0	0.0	0.0	0.0	0.0	0.0	0.0	0.0	0.0	0.0	0.0
P62913	0.0	0.0	0.0	0.0	0.0	0.0	0.0	0.0	0.0	0.0	0.0	0.0	0.0	30493.372027379188
P07108	188.95345558411384	0.0	0.0	0.0	90.28369263716195	55.388682985415244	103.04611413278292	94.45471519270257	97.06266558057223	0.0	114.83348152575832	199.29099310806555	180.399324887263	19743.61028131232
O43390	0.0	0.0	0.0	0.0	0.0	48.20656625819527	46.355568294439195	63.05851607239981	32.08347102602295	0.0	3.2676579693819576	0.0	10.138600960604663	7845.842547090679
P42766	0.0	0.0	0.0	0.0	0.0	0.0	0.0	0.0	345.77016098837066	0.0	0.0	0.0	0.0	26920.517196656834
P02786	383.63739489935165	2224.739255325493	0.0	0.0	97.855740469897	0.0	0.0	40.39938612430342	4.252857896190335	0.0	185.51458684804652	481.1446523262673	51.54539284844304	6603.9298064699005
Q01650	0.0	0.0	0.0	0.0	0.0	0.0	99.65310469823453	0.0	51.340196930016646	0.0	113.0012011351173	945.4246093531083	0.0	23806.10800028205
P00387	641.5048080731594	518.4118583705722	0.0	1130.4416018679021	0.0	171.2821492915673	625.3962341583447	0.0	889.3458908927423	444.52335431209394	1386.8167482407716	2130.8521051511143	242.22588164986882	5041.14636492631
P54819	145.72375292231663	83.98271859424858	0.0	0.0	0.0	0.0	0.0	64.82962827163828	0.3286566655256138	0.0	0.0	418.1239236631345	0.0	13487.946579957845
P05186	0.0	0.0	0.0	260.63813972085836	499.2481506233403	0.0	337.8329179142788	133.2276560321029	0.0	149.2923390614219	170.5794202462189	181.37205267462514	54.28175188047544	1829.512097360514
P13010	0.0	0.0	0.0	0.0	0.0	0.0	34.366432208871174	0.0	0.0	0.0	0.0	298.4981695804638	89.34623048430262	75193.65546525107
P56537	0.0	0.0	0.0	0.0	0.0	0.0	0.0	0.0	0.0	0.0	0.0	0.0	0.0	2518.263824827622
P84243; Q71DI3	0.0	0.0	0.0	0.0	0.0	1232.6908826383733	770.4491362205081	0.0	0.0	0.0	0.0	243.33035767127512	0.0	1681220.100372653
Q9UQE7	232.21230816754837	0.0	0.0	0.0	0.0	0.0	0.0	0.0	74.89585586143926	0.0	0.0	19.007613716645437	15.828887723913795	3882.1590817325296
P40926	0.0	0.0	0.0	0.0	0.0	0.0	0.0	0.0	0.0	0.0	0.0	281.26482570909593	0.0	46004.68088085207
Q7L1Q6	0.0	0.0	0.0	0.0	0.0	47.890404653244104	0.0	0.0	0.0	0.0	0.0	81.89592968713305	0.0	10483.392404004577
Q07955	0.0	0.0	0.0	217.58703341272349	0.0	91.94143886383063	126.49766188341482	615.7592783838641	83.8861217101794	0.0	62.14126873300893	486.82989727615995	0.0	9666.354478671848
P31327; P27708	308.7979179316321	0.0	0.0	0.0	0.0	0.0	0.0	0.0	0.0	0.0	0.0	0.0	0.0	27495.670364903926
O00264; O15173	0.0	25.72192834696807	0.0	0.0	0.0	0.0	0.0	18.049499890834795	0.0	0.0	0.0	42.51811983899893	45.95988070531462	6719.598026888229
P55145	0.0	123.97187454451341	0.0	0.0	0.0	57.53436301604893	30.82791776301781	9.818982857234914	54.72507155999938	0.0	31.731067096203333	56.65040171821556	93.64242177918254	12168.603999536475
O95433	0.0	0.0	0.0	0.0	0.0	0.0	0.0	43.042470105069356	0.0	0.0	0.0	0.0	59.07688521111356	2236.1232875165188
P60228	0.0	152.10438878915033	0.0	0.0	0.0	0.0	24.598490269058857	0.0	3.435856828182068	0.0	0.0	68.74167278755067	45.28407185266542	7145.871675277796
P51991; P09651	0.0	22.5378162995396	0.0	0.0	0.0	53.450393255827976	70.49166687231457	12.627452008303635	15.471567462249823	0.0	15.212669512336447	0.0	0.0	35676.52514358678
P06703	0.0	0.0	0.0	0.0	0.0	0.0	0.0	0.0	0.0	0.0	0.0	728.0863384759359	0.0	196783.3225415738
Q9NZM1	0.0	8.499387291723338	0.0	0.0	46.180099736998955	37.451256502238834	59.9127804817449	0.0	24.38873494551615	38.2640531533666	0.0	30.30521294525238	71.45477108757791	3853.0760742056164
P09493	0.0	0.0	0.0	0.0	0.0	14.831669267289953	0.0	0.0	33.54211813497636	0.0	0.0	166.53354294348924	136.92701778095034	17431.08503817515
P12268	0.0	0.0	0.0	0.0	0.0	0.0	0.0	0.0	0.0	0.0	0.0	0.0	0.0	13965.871470627922
P27816	0.0	0.0	0.0	0.0	0.0	0.0	0.0	0.0	0.0	0.0	0.0	0.0	0.0	19226.541691617516
P31948	0.0	16.283723593032846	0.0	0.0	0.0	0.0	0.0	10.481872997556138	0.0	0.0	0.0	23.976234348003345	104.2570082125601	17426.919573586136
P12236; P12235	235.54446239373806	0.0	0.0	0.0	0.0	0.0	0.0	0.0	0.0	0.0	0.0	0.0	3.6162877364781707	7506.998588250797
Q04828; P42330	98.2710063735301	671.0110297451034	0.0	0.0	0.0	13.14253002043904	23.585199452343318	125.76120312811963	20.30563498379729	0.0	126.50389260010115	0.0	125.89803100643974	15049.190937058262
P83881	0.0	0.0	0.0	0.0	0.0	0.0	0.0	0.0	0.0	0.0	0.0	0.0	0.0	15378.689318495624
P30154; P30153	0.0	0.0	0.0	0.0	0.0	0.0	0.0	0.0	0.0	0.0	0.0	0.0	0.0	0.0
P42892	0.0	7.183451658355807	0.0	0.0	70.29359984312327	50.66025903875584	150.09481441060325	2.316787343807164	89.93177478114376	0.0	0.0	0.0	9.208559042917159	2373.5218690930924
Q8WXF1; Q15233	0.0	0.0	0.0	0.0	0.0	0.0	0.0	0.0	0.0	0.0	0.0	23.333821235443793	0.0	31089.80379341928
Q3SX28	0.0	0.0	0.0	0.0	0.0	0.0	0.0	0.0	0.0	0.0	0.0	0.0	0.0	0.0
Q9H299	0.0	0.0	0.0	0.0	0.0	152.63752952422647	0.0	0.0	0.0	0.0	0.0	0.0	0.0	6664.563677792541
Q16777; Q71UI9; Q8IUE6; P16104	0.0	0.0	0.0	0.0	0.0	733.1140347639302	233.46326689619127	0.0	0.0	520.589533373317	1222.1316134501867	1169.681226867424	531.5857621797986	97069.90163595052
P59998	213.0543867999752	31.472459094153862	0.0	0.0	68.52400771101242	31.323262433844945	38.905089808131834	66.12626560807877	43.88959013712969	56.95705830249432	43.00639132105255	49.99661947273404	49.73247014462959	1449.8967605459816
P50461	0.0	0.0	0.0	0.0	0.0	0.0	0.0	0.0	0.0	0.0	0.0	30.16441326634549	0.0	24292.263290351322
P42677	0.0	0.0	0.0	0.0	0.0	0.0	0.0	0.0	0.0	0.0	0.0	0.0	0.0	12395.49196094794
P09525	0.0	0.0	0.0	0.0	0.0	0.0	0.0	0.0	0.0	0.0	0.0	0.0	0.0	13665.106355232738
P62633	0.0	60.230785649876	0.0	62.30844757434704	0.0	201.2249730642958	122.70371753043469	76.11804167087064	93.69568544775348	89.85920010026302	140.1372046206933	344.7377754688181	68.93652557098528	4791.823409482829
P47897; P07814	0.0	0.0	0.0	0.0	0.0	0.0	0.0	0.0	0.0	0.0	0.0	0.0	0.0	10837.615660855006
Q86VV8	0.0	0.0	0.0	0.0	0.0	0.0	0.0	0.0	0.0	0.0	0.0	0.0	0.0	36885.017439163814
O00767	0.0	0.0	0.0	0.0	0.0	88.13257391668867	0.0	0.0	0.0	0.0	0.0	88.19340547750471	54.323591180837866	4682.340345931306
Q14247	0.0	15.97430614130667	0.0	0.0	0.0	0.0	6.4293384199152115	77.62321719086549	0.0	0.0	3.6897346602776224	63.0536048323529	50.61634488905395	4982.957873870604
P46777	0.0	0.0	0.0	0.0	0.0	0.0	0.0	0.0	108.00407034593263	0.0	16.314924813078505	521.1386330820651	0.0	37713.745808134365
Q16531	780.2317588209976	46.143142001908245	0.0	0.0	0.0	148.5846641142639	25.568778331159365	88.31219752161064	131.52877666057634	0.0	126.35616890125993	187.05470977237724	0.0	7537.665296644842
P62241	0.0	0.0	0.0	0.0	0.0	0.0	0.0	0.0	0.0	0.0	0.0	0.0	0.0	0.0
P62854	0.0	849.4139543308161	0.0	0.0	0.0	0.0	0.0	0.0	470.6755537686099	0.0	4.326982241666428	425.70754208938115	0.0	16978.317530681292
P0DP25	318.4202865532877	104.12051410315394	0.0	0.0	10.908945809222587	153.79909080487414	0.0	69.2373764399781	36.70872762257886	0.0	114.0828246834476	172.29678313766453	107.7135381587384	18918.435236190555
P13693	0.0	0.0	0.0	0.0	0.0	0.0	0.0	114.35081427682417	0.0	0.0	0.0	0.0	0.0	28097.532558865358
Q16777; Q71UI9; P16104	0.0	536.8972199764667	0.0	301.9191897809578	0.0	265.83888248464973	1030.9892018183036	2060.6076155947203	1000.2531599688427	0.0	681.8785996280367	1686.3808040256226	0.0	309724.7419789412
P21333; O75369; Q14315	0.0	0.0	0.0	0.0	0.0	0.0	0.0	0.0	0.0	0.0	0.0	45.51827084923525	144.14045185015766	136970.24612515964
P62829	0.0	0.0	0.0	0.0	0.0	0.0	0.0	0.0	0.0	0.0	0.0	0.0	0.0	25041.122087973752
Q96A08; Q8N257	0.0	0.0	0.0	0.0	0.0	0.0	0.0	0.0	0.0	0.0	0.0	0.0	0.0	0.0
P62491	0.0	171.09902787494093	0.0	0.0	0.0	0.0	0.0	171.0942048373663	288.08791059387886	0.0	0.0	340.4689948694131	0.3263140867125003	21467.627487031135
P18621	0.0	243.91702514168082	0.0	0.0	0.0	28.235524685695623	140.13678394216345	235.22739001906905	0.0	0.0	0.0	252.57838718809944	27.8199875876212	58748.30502178144
P13645; Q04695; P35527	0.0	651.8758299152269	0.0	0.0	0.0	500.80058733014994	313.1696089536508	0.0	1769.0036802389423	0.0	372.84847026338866	1301.414178603898	0.0	277713.58945020684
P49915	0.0	0.0	0.0	0.0	0.0	0.0	0.0	0.0	0.0	0.0	0.0	0.0	0.0	2441.1318246731144
P61081	0.0	47.02798060967643	0.0	73.09162393776296	135.15370996973456	117.11116960332629	0.0	70.87240043524753	52.564944821611334	63.18910228443042	0.0	113.00894828203104	174.33931061994986	5617.905130604393
P30153	0.0	0.0	0.0	0.0	0.0	0.0	0.0	0.0	0.0	0.0	0.0	0.0	0.0	11033.19612898277
P08729; P35908; P08729; P05787	0.0	1604.2252157203711	0.0	0.0	355.1698837462591	695.946682577347	0.0	1752.4533521128596	187.86337731069216	0.0	0.0	2077.967188594779	0.0	423425.6653623828
Q9BZE4	0.0	0.0	0.0	0.0	0.0	0.0	0.0	0.0	0.0	0.0	0.0	0.0	0.0	0.0
O96000	0.0	0.0	0.0	0.0	0.0	35.99093511064268	0.0	0.5394625462919294	24.50752383481654	0.0	20.554874798162018	99.74339056237625	45.064712657149244	3158.4545575821476
Q9UI30	0.0	0.0	0.0	0.0	0.0	0.0	0.0	0.0	0.0	0.0	0.0	0.0	0.0	1058.0859312195412
P84103	0.0	0.0	0.0	0.0	0.0	0.0	0.0	0.0	0.0	0.0	0.0	0.0	0.0	19156.87737036588
Q9HB71	0.0	4.255017054076006	0.0	0.0	0.0	56.16282218387505	0.0	23.87910134773483	0.0	0.0	0.0	0.0	0.0	13599.95438789872
Q96AE4; Q92945	0.0	0.0	0.0	0.0	0.0	0.0	37.7407217177971	0.0	0.0	0.0	0.0	95.42751719432897	0.0	12375.71971895266
Q12841	0.0	0.0	0.0	0.0	0.0	0.0	0.0	0.0	0.0	0.0	0.0	0.0	0.0	0.0
P35241; P26038	260.2492303290933	57.66586930846006	0.0	0.0	0.0	0.0	0.0	30.598477843546334	0.0	0.0	0.0	0.0	4.118115037828829	3128.8421151760476
P60900	0.0	0.0	0.0	0.0	0.0	0.0	0.0	0.0	0.0	0.0	0.0	0.0	0.0	0.0
Q16778; O60814	0.0	0.0	0.0	0.0	0.0	0.0	0.0	0.0	0.0	0.0	0.0	0.0	0.0	0.0
O43852	0.0	0.0	0.0	0.0	0.0	0.0	0.0	0.0	0.0	0.0	0.0	0.0	0.0	42019.59272415299
P16403	0.0	0.0	0.0	0.0	0.0	0.0	0.0	0.0	0.0	0.0	0.0	0.0	0.0	0.0
P45880	0.0	0.0	0.0	0.0	0.0	0.0	0.0	27.403082184278674	281.9483427520213	0.0	0.0	21.603698506395403	0.0	13398.00731749349
Q99729; O14979	0.0	0.0	0.0	0.0	0.0	0.0	0.0	134.28372980146423	0.0	0.0	0.0	108.7268264806803	0.0	7486.514417872542
Q92688	0.0	0.0	0.0	0.0	0.0	11.415709448024245	65.42168767775843	24.78266600563211	36.370722629006195	0.0	0.0	0.0	0.0	7882.1504777528335
P15311	0.0	0.0	0.0	0.0	0.0	21.625483423185415	132.0938049946169	147.6147798285483	43.85755583279297	0.0	28.072497949086028	114.74217962731746	0.0	24111.446982091322
Q15382	0.0	0.0	0.0	0.0	0.0	0.0	0.0	0.0	0.0	0.0	0.0	0.0	0.0	9007.185887715796
Q16778; Q96A08; O60814	0.0	0.0	0.0	0.0	0.0	0.0	0.0	0.0	0.0	0.0	0.0	0.0	0.0	1000551.6295888725
P47813	0.0	1457.0451769088158	0.0	572.5482408931475	0.0	1120.3030486771404	1153.546881456903	1243.7012886416187	921.5833445848621	1281.4349253205437	1158.6720438036764	1206.666798531478	1104.8861893238773	1759.0976335484174
P33552	0.0	0.0	0.0	0.0	0.0	0.0	0.0	0.0	0.0	0.0	0.0	0.0	0.0	0.0
Q9BRN9	0.0	2388.7952680891476	0.0	1665.5417445571993	204.83502432098976	1306.4061593794986	1279.16328170398	1504.2488254469235	1417.7681607234026	1537.2073768354867	1397.030300159663	1846.1545670560608	1792.5890832798596	0.0
Q99832	0.0	0.0	0.0	0.0	0.0	14.481533831747583	33.800412662032386	0.0	0.0	0.0	0.0	0.0	0.0	2533.842705805652
Q9UMS4	0.0	0.0	0.0	0.0	32.316408203352466	0.0	0.0	0.0	0.0	0.0	0.0	0.0	0.0	7673.846815628546
P63010; Q10567	0.0	0.0	0.0	0.0	0.0	0.0	0.0	0.0	0.0	0.0	0.0	0.0	0.0	0.0
Q8WUM4	0.0	33.042423859633686	0.0	0.0	0.0	0.0	0.0	0.0	0.0	72.95840142893758	11.70992164507527	43.390031560938496	15.305588107964695	4173.415313391048
P07099	247.43287810665902	25.953277963399728	0.0	0.0	0.0	94.48007822280124	0.0	0.0	0.0	0.0	0.0	0.0	2.7413971782451654	11731.964506447515
P13667	0.0	0.0	0.0	0.0	0.0	340.7240514242085	417.0594445906635	74.52234896453206	0.0	0.0	21.54479092416591	0.0	0.0	5607.9098920536035
P08572	130.9103034723612	51.58707422770908	0.0	0.0	0.0	0.0	131.2657497903656	0.0	81.64678596840554	0.0	0.0	110.6364124404231	12.651486567805478	2926.202176837328
P32969	358.9717484389839	175.84166661564905	0.0	0.0	0.0	0.0	51.72556295801178	17.22767409766857	78.66660115840295	0.0	0.0	285.39016102216556	166.3607758293847	15926.158471617924
P11388; Q02880	9.286911881551077	0.0	0.0	0.0	0.0	19.093143211317283	0.0	17.04403906226287	0.0	0.0	0.0	0.0	11.250245601780534	1985.0749882695704
P21333; Q14315	0.0	0.0	0.0	0.0	0.0	0.0	0.0	0.0	0.0	0.0	0.0	0.0	0.0	0.0
P98179	0.0	0.0	0.0	0.0	0.0	0.0	0.0	0.0	0.0	0.0	0.0	0.0	0.0	0.0
Q96S65	0.0	244.01940450431903	0.0	0.0	0.0	1424.3145374609703	0.0	0.0	0.0	0.0	0.0	0.0	0.0	147260.72520571467
P20810	4147.530707328868	0.0	0.0	63.103077494981335	66.6412500609249	120.77900619921002	176.58113943173885	0.0	34.18134673471923	0.0	365.3137204515906	897.727964009563	148.1121713604507	30695.4899000794
O00148; Q13838	91.58298219938047	112.75667733979719	0.0	0.0	0.0	0.0	23.347633096331265	3.506271137510339	0.0	0.0	32.42012905592276	56.271465378965786	118.36283027230138	6129.7209886724495
P05412	0.0	0.0	0.0	0.0	0.0	0.0	0.0	0.0	0.0	0.0	0.0	0.0	0.0	4757.399650746198
P55769	0.0	0.0	0.0	0.0	0.0	0.0	0.0	0.0	0.0	0.0	0.0	0.0	0.0	0.0
P05455	0.0	0.0	0.0	0.0	0.0	0.0	0.0	0.0	0.0	0.0	0.0	0.0	0.0	5520.093056626935
Q8WX93	0.0	0.0	0.0	0.0	0.0	10.684696730607811	0.0	0.0	131.20205513396286	133.49216086660385	0.0	0.0	4.475266755870507	1030.118734919824
